1 0.565625 0.6383330065974105 0.796875 0.32943669437756745
6 0.38984375 0.6754057946023589 0.1 0.15915970282385156
6 0.69140625 0.7435553671805364 0.0859375 0.09156302586424747
6 0.57265625 0.6901000950772126 0.10625 0.09996655925034226
3 0.803994690625 0.7322712515625 0.761896103125 0.7123221890625 0.7510164031250001 0.7340801109374999 0.75017238125 0.7535936765625 0.7531297421875001 0.7711320140625 0.7878964828125 0.790252465625 0.8010233015624999 0.7821457015625 0.8075292203125001 0.7639766859375 0.8083186937500001 0.745241603125 0.803994690625 0.7322712515625
2 0.655773703125 0.5973109546875001 0.6443243843750001 0.5971401546874999 0.642667059375 0.6209994437499999 0.63407349375 0.6456247625 0.6286025765625001 0.7283708765625 0.6490648515624999 0.730397128125 0.6550816765625 0.72854329375 0.661885878125 0.64543928125 0.6574732359375 0.6337339640625 0.655773703125 0.5973109546875001
2 0.8203993890625 0.6469596171875 0.8173504421875 0.6157921953125001 0.81841975625 0.5771937234375 0.8071251437500001 0.5789847703125 0.8021531218750001 0.6133074421875 0.7923465171874999 0.64124214375 0.7864789359375 0.7063115468750001 0.79184800625 0.7137022125 0.7998421953125 0.6836283265625 0.8106789328125 0.67833235 0.8178585796875 0.6785533781249999 0.8203993890625 0.6469596171875
2 0.5032609640625 0.6042869953125 0.49116280625000003 0.6275854187500001 0.477229175 0.7050841640625001 0.49198329375 0.713894103125 0.5063587171874999 0.7094384703125 0.519422071875 0.6396924046875 0.5172793375 0.6095945781250001 0.5223987218749999 0.56453815625 0.51122113125 0.560571209375 0.5032609640625 0.6042869953125
6 0.42971147812500005 0.6410974171875 0.43636545312499997 0.66282325 0.4310272265625 0.7250055 0.47149060625 0.7309720546875 0.47880478593750003 0.7199380468750001 0.4859623578125 0.6084531640625 0.43218100000000004 0.6055127921875 0.42971147812500005 0.6410974171875
2 0.250277590625 0.6120608265625 0.2477418734375 0.5829039421875 0.24377059375000001 0.5555646171874999 0.24473946875000002 0.5277346281249999 0.23061491875 0.5282621578125 0.226630003125 0.5808133640625 0.21511693593749998 0.623766871875 0.21545093125 0.6703431625 0.2219487296875 0.6802952437500001 0.2354879703125 0.6831057359375 0.2445984390625 0.679108603125 0.249874 0.6458259359375 0.250277590625 0.6120608265625
2 0.30212689843749996 0.65398040625 0.3031151265625 0.6202731890625001 0.29664211093750004 0.6146349343749999 0.2911357015625 0.6172859953125001 0.2874604015625 0.656055559375 0.2821298390625 0.670519521875 0.280301834375 0.7106106375000001 0.2890003390625 0.715293440625 0.298067040625 0.7147214734375 0.3039532109375 0.7091312453125 0.30558633749999997 0.66902083125 0.30212689843749996 0.65398040625
6 0.38882083125 0.5788063703125 0.3851286546875 0.5278801234375 0.365674715625 0.5250693015625 0.360841209375 0.5804450765625 0.3725953046875 0.580727140625 0.38882083125 0.5788063703125