1 0.5 0.5 1 1
0 0.6306940625 0.17825141093750002 0.681048409375 0.18041551875 0.7407327031250001 0.13894645 0.7198984078125 0.067323325 0.6668281359375 0.037624475000000004 0.5908565546875 0.09948648593750001 0.6306940625 0.17825141093750002
0 0.2407440359375 0.3397837375 0.296431128125 0.3436631046875 0.3715491078125 0.30217701875 0.3403071234375 0.218155309375 0.2864923921875 0.2029508125 0.2072904859375 0.2623705796875 0.2407440359375 0.3397837375
0 0.48618962187500003 0.64464885 0.4718879484375 0.571291 0.3730244859375 0.5787820531250001 0.3688691921875 0.60691313125 0.39378680625 0.6570243890625 0.48618962187500003 0.64464885
0 0.6268762109375 0.5390540968749999 0.6031856 0.5454662875 0.598209159375 0.5845590046875 0.669686846875 0.6328075140625 0.6981797578125 0.6196690453125 0.694099496875 0.562079459375 0.657361353125 0.5285128546875 0.6268762109375 0.5390540968749999
0 0.6260471921875 0.18531284374999998 0.6188713156250001 0.139349025 0.5944660015625 0.09657455781249999 0.47489501718750005 0.147609190625 0.5078728421875 0.224791375 0.6260471921875 0.18531284374999998
0 0.5171886421874999 0.4831737578125 0.50480888125 0.42516789062499993 0.49146744531250003 0.4367018625 0.47892617968750006 0.40920305625 0.3943931 0.44258559374999995 0.3685874828125 0.4681184921875 0.389262628125 0.5287925390625 0.3760404859375 0.545821846875 0.449225225 0.5398938578125 0.46819173750000004 0.5028843453125 0.5171886421874999 0.4831737578125
0 0.7921609859375 0.24174987812499998 0.7153804046875 0.2402400046875 0.7020389703125 0.251773975 0.7094919703125 0.32947733281249997 0.7965549625 0.3367443796875 0.7921609859375 0.24174987812499998
0 0.3736023296875 0.3196649484375 0.37912188125 0.384195396875 0.48964208124999997 0.40030840312500005 0.47777546718749997 0.3182473046875 0.4657535828125 0.27672744531250004 0.42270108906250003 0.26669963281250003 0.3736023296875 0.3196649484375
0 0.2035818296875 0.342467340625 0.191475525 0.37295227343750004 0.27181136875 0.48774056093749996 0.310958421875 0.45067369218750003 0.32538399375 0.4211376265625 0.265899065625 0.32922397812500004 0.22988572031249999 0.3209145875 0.2035818296875 0.342467340625
0 0.58258270625 0.687561578125 0.6095638078125 0.6782319734375 0.65032276875 0.671230396875 0.6345343796875 0.6142317265624999 0.5883903890625 0.6135777796874999 0.5624058328125 0.630867671875 0.58258270625 0.687561578125
0 0.49614828437499997 0.5195162265625 0.517104225 0.55517855 0.57527376875 0.540601096875 0.5812181796875 0.5108626953125001 0.560083303125 0.46695736875 0.5053631328125 0.4886469625 0.49614828437499997 0.5195162265625
0 0.096313525 0.41001010937500004 0.11581318437499999 0.45448086718749997 0.1548794859375 0.4326675296875 0.21542110781249998 0.432495459375 0.2178739359375 0.4316473140625 0.1976970640625 0.374953409375 0.1285407234375 0.376720153125 0.096313525 0.41001010937500004
0 0.70297523125 0.279469784375 0.6951998640625 0.24029735937500002 0.640921990625 0.20646816875 0.564722834375 0.2632677546875 0.57610605 0.313313334375 0.638619659375 0.34706303906249997 0.70297523125 0.279469784375