1 0.5012502629321237 0.526062240675945 0.9974994741357526 0.88024948135189
0 0.7194961234374999 0.2666938640625 0.7682247 0.28463066875 0.8358908765624999 0.264139971875 0.8316449109375 0.1896581390625 0.786457896875 0.144757521875 0.698283809375 0.17944573749999998 0.7194961234374999 0.2666938640625
0 0.30201581875 0.29683595625 0.355570559375 0.318081365625 0.43832521093750004 0.3024432828125 0.42669695 0.21292250781250002 0.37752068906249997 0.181529846875 0.286738903125 0.21288340625000002 0.30201581875 0.29683595625
0 0.4733075984375 0.66332239375 0.475836875 0.5892565796875 0.3775235625 0.5651714953125 0.36713198281250004 0.590533109375 0.380209678125 0.645906621875 0.4733075984375 0.66332239375
0 0.6345741890625 0.6075841796875 0.6099764359375001 0.6061903937500001 0.5963156140625 0.6416862328125 0.6553195734374999 0.7099815406250001 0.68612461875 0.7065127609374999 0.6950958578125 0.65062208125 0.6667419640625 0.6072064296875 0.6345741890625 0.6075841796875
0 0.713365328125 0.271923240625 0.7166948484375 0.2260789703125 0.7024668890625 0.177823440625 0.574115875 0.18849171250000002 0.5889797999999999 0.2720751921875 0.713365328125 0.271923240625
0 0.5399418515625001 0.519998975 0.5408949609375 0.4610954203125 0.5252597906250001 0.46782261875 0.5191901328124999 0.4377933546875 0.429056825 0.44277795624999994 0.3980892171875 0.4588462421875 0.40464347500000003 0.5228965140625 0.38788829687500004 0.53487174375 0.46075188906250003 0.5523381703125 0.4876176140625 0.5232308609375 0.5399418515625001 0.519998975
0 0.8630225171875001 0.3778366359375 0.7883181234375 0.352183653125 0.7726829546875 0.3589108546875 0.7624820328124999 0.43493635625 0.8459407734375001 0.4692917109375 0.8630225171875001 0.3778366359375
0 0.4363967390625 0.319672159375 0.4272703578125 0.382597853125 0.5316652296875 0.43274036406249994 0.5385329640625 0.35119074375000003 0.5361260578125 0.3080312765625 0.49630374687499995 0.2849419671875 0.4363967390625 0.319672159375
0 0.2650901671875 0.2876571296875 0.2463977140625 0.3127423015625 0.29908623749999996 0.44692165 0.34568901875 0.4241261640625 0.3664347671875 0.4006723 0.328978190625 0.2947592015625 0.2956491390625 0.2755197984375 0.2650901671875 0.2876571296875
0 0.5578641765625 0.7344184578124999 0.5863345046874999 0.7340841296875 0.6277472265624999 0.7403035171875 0.6251421515625 0.681279640625 0.5801888843749999 0.6661028984375 0.550901284375 0.674299140625 0.5578641765625 0.7344184578124999
0 0.5111992859375001 0.5478196046875 0.5236563046875 0.5882436156249999 0.5837906421875 0.5927723296875 0.5962925671875 0.5664511328125 0.5855155578125 0.5181550781250001 0.527152159375 0.521457884375 0.5111992859375001 0.5478196046875
0 0.14504882187499998 0.31785860781249997 0.154100359375 0.36617492500000004 0.1971917546875 0.3578165828125 0.2564029203125 0.3767520484375 0.25899113125 0.37672165468749996 0.2520282390625 0.3166023390625 0.18403833593750002 0.29646124218750003 0.14504882187499998 0.31785860781249997
0 0.7673657328125 0.3854659640625 0.7685810703125 0.34587182968749997 0.723143203125 0.29667408281249996 0.635885871875 0.326490575 0.6357500328125 0.37753221875 0.68925526875 0.42925266874999995 0.7673657328125 0.3854659640625