1 0.46463577916295273 0.3872452623944707 0.8294628087881237 0.45517283900966676
6 0.6447180842566599 0.38131755045492294 0.12669419530200407 0.17059102570316256
6 0.3533452750063176 0.2633209896570577 0.09978470282385157 0.10394735376405233
6 0.46469796364440424 0.3357464293906651 0.12197795157021041 0.1157761917107738
3 0.2925805359375 0.26274150937499996 0.295912940625 0.2437344734375 0.29520711093749996 0.2260266453125 0.2630225765625 0.201418271875 0.2489136484375 0.2071665875 0.2401139375 0.2239022828125 0.23693526875 0.2421545546875 0.239585525 0.25560952187499997 0.27896644375 0.28226370156249997 0.2925805359375 0.26274150937499996
2 0.38605176874999997 0.3919255453125 0.397755125 0.3692051765625 0.41377023749999997 0.288925053125 0.3936494625 0.2834964140625 0.38742024375 0.28430402187500003 0.3700315375 0.3647111984375 0.372931615625 0.376939671875 0.3699732140625 0.412967821875 0.38135441718749996 0.4150603640625 0.38605176874999997 0.3919255453125
2 0.2054160703125 0.40536405625 0.21689371093749998 0.4055054 0.2262284828125 0.372660003125 0.2395625671875 0.3468960375 0.25371549843749996 0.28402900625 0.2493118984375 0.2758737578125 0.23750973593750002 0.3040416546875 0.2260405515625 0.30741673125 0.21891816562500002 0.30599274374999996 0.212353246875 0.336568971875 0.2114099171875 0.3676666109375 0.2054160703125 0.40536405625
2 0.5615578250000001 0.33722648906249997 0.5479883671875 0.32610061562500003 0.5331021171875 0.3280561046875 0.511185325 0.39430261093749996 0.5094760296875 0.4241982828125 0.498623840625 0.46755208125000003 0.5092496625 0.47332415 0.522759953125 0.4317635453125 0.537784290625 0.41093449218749994 0.5615578250000001 0.33722648906249997
6 0.6101167859375 0.32544516562500003 0.57057895625 0.31278714218750003 0.5618853625 0.3223852640625 0.5405206 0.430583578125 0.593708978125 0.44251106875 0.6007125140625 0.4080065640625 0.5968597453125 0.38556799062499997 0.6101167859375 0.32544516562500003
2 0.7749792265625 0.5232026750000001 0.7704605015625 0.5503497421875 0.7845952890625 0.5522067796875 0.79527465 0.5013075078125 0.8122261328124999 0.46109227343750003 0.817841078125 0.41533014843749994 0.8126403968749999 0.40447157968749997 0.7995148015625 0.3994373 0.7899307609374999 0.4018280328125 0.7804264843750001 0.4336018234375 0.7757128671875 0.466668146875 0.7745151203125 0.49570653125 0.7749792265625 0.5232026750000001
2 0.7298645625 0.45634704218750005 0.7356872296875 0.454671290625 0.744298371875 0.41724408593750006 0.7514543625 0.4039466015625 0.7583944359375 0.364911959375 0.750329084375 0.3588542125 0.7412260125000001 0.3578911375 0.7346498 0.3623872890625 0.7279013515625 0.40147363281250004 0.729426203125 0.41681463750000003 0.72413770625 0.44972585781249996 0.7298645625 0.45634704218750005
6 0.649674003125 0.5326328609375001 0.6615592078125 0.47910447031250003 0.64988866875 0.4768515046875 0.6334834890625001 0.476008446875 0.630657671875 0.52660384375 0.649674003125 0.5326328609375001