2 1 0.5973782625 0.984741653125 0.597384303125 0.981094403125 0.6162179578125 0.9950647671875 0.7981239359375001 1 0.8215572984374999 1 0.5973782625
2 1 0.8583209296875 0.9966640578125 0.8323014015625001 0.9925423703125 0.79738995625 0.9559583359375001 0.66904971875 0.94247904375 0.60543960625 0.9438400296875 0.604298290625 0.9114280515625 0.6073501578125 0.9129475687499999 0.6695695984375 0.924778846875 0.76141103125 0.931462425 0.83608739375 0.9547875828124999 0.9503796046874999 1 0.946122465625 1 0.8583209296875
2 0.839847509375 0.6152667328125 0.8536011625000001 0.8198856781250001 0.860809703125 0.85450646875 0.9273659249999999 0.8494162796875001 0.9220784859375 0.816967903125 0.9126366296875 0.759024371875 0.868993328125 0.6111829015625 0.839847509375 0.6152667328125
2 0.7532267312500001 0.622246175 0.762965709375 0.816653275 0.7764713375000001 0.8706842124999999 0.8395793921875001 0.8588587875 0.83545770625 0.8239473437499999 0.7851000296875 0.615554125 0.7532267312500001 0.622246175
2 0.6883864109375 0.6330580546875 0.6992584125 0.8344183781250001 0.7060565484375 0.8761377203125 0.7703303578125 0.8618492296875001 0.7663975078124999 0.828096653125 0.7175647453125 0.6289692609374999 0.6883864109375 0.6330580546875
2 0.6463361953125 0.6346641421875 0.6168385984375 0.631558340625 0.623719834375 0.76034205 0.6193199390624999 0.8054690859375 0.6578993546875 0.97009763125 0.715761521875 0.9693560140624999 0.699710365625 0.8708520109375 0.6949315234375 0.8030562078125 0.650005925 0.6331419546875 0.6463361953125 0.6346641421875
2 0.7731625203125 0.17236897812500002 0.784115075 0.23958347500000002 0.7854130234375 0.3100603359375 0.7949782562500001 0.38799532187499997 0.8497535671875 0.387544359375 0.8430045265624999 0.3317005796875 0.8292446015625 0.2953433546875 0.8101645046874999 0.23595404531250003 0.7992110218749999 0.16851470625 0.7731625203125 0.17236897812500002
2 0.8640522734375 0.15792766875 0.838790921875 0.15677628906250002 0.8484052500000001 0.2205868359375 0.8508034906249999 0.30743321562500003 0.8595970093749999 0.3854408625 0.9234604140625 0.378250921875 0.9171960578125 0.349424484375 0.9008578734375 0.2780104859375 0.8759981078125 0.2168120796875 0.8669184359375001 0.1609634515625 0.8640522734375 0.15792766875
2 0.176065396875 0.614228371875 0.186607546875 0.6885414171875001 0.1843175875 0.7369997374999999 0.1951719515625 0.832463109375 0.25035766718749997 0.8249135953125 0.23863340000000002 0.757771765625 0.21516095625 0.6858528671874999 0.2042247671875 0.613930225 0.176065396875 0.614228371875
2 0.4606238453125 0.7015699140625 0.47124027343749997 0.8099988515625001 0.46860537343750003 0.8467231390625001 0.476741734375 0.8918464296874999 0.518791953125 0.8902403421875 0.5352358749999999 0.8757488406249999 0.5318531703125 0.8501810234375 0.49539251562500003 0.741832240625 0.4892094703125 0.6986876078125001 0.4606238453125 0.7015699140625
2 0.4005967453125 0.7063231484375 0.384374390625 0.712557228125 0.3880252421875 0.7349620609375 0.395595515625 0.8134771046875 0.397500678125 0.85722603125 0.40569453125 0.90430499375 0.461542434375 0.8912020921874999 0.4561509234375 0.8517036046875001 0.44415347812499995 0.82616250625 0.41218569218749995 0.7098274531250001 0.4005967453125 0.7063231484375
2 0.12238934531250001 0.236225325 0.13010145312500002 0.2739364390625 0.1321006234375 0.40161096875 0.1446402453125 0.45612508125 0.19726449375 0.445679015625 0.18440174843749998 0.3731533421875 0.1672100234375 0.3253527375 0.1516876203125 0.2781793890625 0.1445334671875 0.2403177296875 0.12238934531250001 0.236225325
2 0.2683307546875 0.23111245937499997 0.26699547031250004 0.245358003125 0.2741435828125 0.26037363281250003 0.275545178125 0.301032234375 0.274812496875 0.3638559578125 0.28493333125000003 0.44840631875000003 0.33859744062499997 0.4347246046875 0.3316625015625 0.3953714453125 0.32320595625 0.349886084375 0.30447080625 0.302230809375 0.29075451874999997 0.2533185296875 0.2939890875 0.24752292812499999 0.291368003125 0.23119606250000002 0.2683307546875 0.23111245937499997