1 0.5 0.5 1 1
2 0.6634269546875 0.678394121875 0.6936059343750001 0.9664000187499999 0.740891509375 0.9777259140625001 0.7835376703125 0.976736290625 0.82832319375 0.9257919375 0.8237960171875001 0.9228004390625 0.7994315578125 0.6616999890625 0.7593683890625 0.5875596875 0.7409952234375 0.5329311828125001 0.7287768625 0.4097261796875 0.70623899375 0.4026041484375 0.6918024875000001 0.4052751375 0.680136603125 0.40797687343750005 0.66893085625 0.43240423124999994 0.67993235 0.5787318453125 0.6634269546875 0.678394121875
2 0.26230595156250003 0.638434328125 0.2575442015625 0.801479615625 0.295476315625 0.8026168203124999 0.3109451921875 0.7821896453125 0.3228505640625 0.6322512140625001 0.344470090625 0.604726453125 0.364433275 0.5640205890625001 0.39462271875 0.152240178125 0.357059603125 0.14037012499999998 0.31518667968749997 0.1434123359375 0.271692653125 0.1567917265625 0.26344203125 0.175883409375 0.2328835890625 0.5983966656249999 0.26230595156250003 0.638434328125
2 0.45357959374999995 0.6445086203125 0.67390228125 0.3846397171875 0.666675690625 0.34405120624999996 0.6276784656250001 0.300264559375 0.6093608500000001 0.295561084375 0.3866115375 0.5528250875 0.3826972546875 0.6004106921875 0.3158062890625 0.6758330703125 0.3142328578125 0.7436874062500001 0.331092728125 0.7392506671875 0.418512809375 0.64102203125 0.45357959374999995 0.6445086203125
2 0.8399177453125001 0.45119778125 0.8975025625 0.3879099203125 0.9118897390624999 0.35231334062499997 0.9105004062500001 0.3117313359375 0.8914551640624999 0.2840140828125 0.8660229453125 0.2727225921875 0.8302260421875 0.28310956875 0.7899190703125 0.3289594859375 0.7783764796875 0.45116562968749996 0.795832134375 0.45885155781250003 0.8399177453125001 0.45119778125
2 0.49536893906249996 0.0915830859375 0.497045590625 0.1311709375 0.4854657015625 0.1513804515625 0.3842330859375 0.283217365625 0.38200044218749996 0.2966161296875 0.3975766921875 0.322152228125 0.414921646875 0.333058009375 0.532307646875 0.18788154375 0.558933928125 0.18653101875 0.5920578812499999 0.16553487656250002 0.6765695671875 0.0634273546875 0.56445981875 0.026290139062500002 0.5347010890624999 0.024904103125 0.5092921734375 0.0547549515625 0.49536893906249996 0.0915830859375
2 0.0783591828125 0.1474322078125 0.164363803125 0.06828529375 0.19688947968749998 0.07205383125 0.226742209375 0.0652132015625 0.2831145015625 0.013186270312500002 0.12840304375 0.0059804671875 0.111751959375 0.021281334375 0.0783591828125 0.1474322078125
2 0 0.6848192328125 0.0641480921875 0.585248625 0.0838363890625 0.5795357875 0.091615190625 0.5668046796875 0.0796571703125 0.5548705734375 0.0811581421875 0.55516999375 0.062495075 0.52288439375 0.0352966484375 0.4893358734375 0.0023306656249999997 0.46155940624999997 0 0.472541971875 0 0.6848192328125
2 0.8772397859375 1 0.879343496875 0.9925751734375 0.6063006953125 0.9529454953125001 0.6076241046875 0.988081940625 0.6037571125000001 1 0.8772397859375 1
2 0.603212375 1 0.60963535 0.981122884375 0.6038043656250001 0.9445620312499999 0.5982818437499999 0.9211179968750001 0.6024598125 0.8953146171874999 0.6164937453125 0.8552666296875 0.6148382359375 0.829789746875 0.6034374578125 0.8153376171875 0.58726293125 0.8145662 0.566823371875 0.8200416359375 0.5534959203125001 0.8689924328125 0.5387107234374999 0.9088030203124999 0.512171509375 0.9297100687500001 0.49683530625000005 0.9487325765625 0.486446984375 0.9931874234375 0.48545707968749996 1 0.603212375 1
2 0.47503600468749996 1 0.4750241359375 0.98740788125 0.45074369531249997 0.935252440625 0.42948944375 0.89815756875 0.4033295984375 0.8638522999999999 0.349834496875 0.8588820890625 0.33794614375 0.8659747859375001 0.3046928390625 0.83919246875 0.28975715 0.817113625 0.269517846875 0.8020383843750001 0.24267016875 0.8098286171875 0.23109027656249997 0.83003813125 0.227265553125 0.8602929156249999 0.23700832656249998 0.8861555093750001 0.255059765625 0.9059641031250001 0.287517028125 0.9411744296875 0.2921775859375 0.96760091875 0.29849614999999996 0.9826169437500001 0.35335195 1 0.47503600468749996 1
2 0.9050553406249999 0.6766520468749999 0.90392470625 0.7316269656250001 0.9098663921875 0.7649679640625 0.9385602593750001 0.7849058359375001 0.990200134375 0.6080097 0.9940792593750001 0.38577471874999997 0.9814826359375 0.4122078875 0.9050553406249999 0.6766520468749999
2 0.3240157015625 0.0775078421875 0.26974320937499996 0.13196395625 0.2839276375 0.15380539843750002 0.340804665625 0.141400240625 0.386017228125 0.0927607234375 0.39421519374999997 0.089926578125 0.4184769859375 0.09108370625 0.43869514687500005 0.092047978125 0.5054966859375 0.023543885937500002 0.35885839062499997 0.016714098437499998 0.35705259218749996 0.036955175 0.3240157015625 0.0775078421875
2 0.0819387296875 0.3620171859375 0.08855827499999999 0.5008120671875 0.087359228125 0.5872287765624999 0.0938096328125 0.613135915625 0.13541887187499999 0.5883114765624999 0.1517700203125 0.5913085984374999 0.16880401875 0.625984909375 0.234332978125 0.7595265453125 0.2451143375 0.7846323890625 0.24827735781250002 0.73680938125 0.2549068765625 0.7280548765625 0.25565847656249996 0.7285079609375 0.21428774687500002 0.48846558125 0.200082178125 0.45251316875 0.16793587031249999 0.3935323125 0.14414051249999998 0.356719390625 0.135325621875 0.333319903125 0.132212365625 0.2987028046875 0.111817584375 0.29551283125 0.0886155171875 0.307709921875 0.07524578125 0.32843878437499996 0.0819387296875 0.3620171859375