2 0 0.33203125 0.0361328125 0.3645833328125 0.0439453125 0.3671875 0.0498046875 0.3541666671875 0.0595703125 0.3802083328125 0.0625 0.35546875 0.0712890625 0.3541666671875 0.0830078125 0.359375 0.0908203125 0.3776041671875 0.0966796875 0.3697916671875 0.1123046875 0.3802083328125 0.1103515625 0.3932291671875 0.119140625 0.3919270828125 0.12890625 0.37890625 0.13671875 0.2903645828125 0.140625 0.09505208281250001 0.0966796875 0.05208333281250001 0.0634765625 0.0442708328125 0 0.12890625 0 0.33203125
2 0.3017578125 0.7213541671875 0.3095703125 0.7109375 0.3173828125 0.7213541671875 0.3212890625 0.7109375 0.3369140625 0.7083333328125 0.341796875 0.7018229171875 0.3359375 0.69140625 0.3515625 0.6809895828125 0.400390625 0.3919270828125 0.3583984375 0.3854166671875 0.3349609375 0.3932291671875 0.314453125 0.3502604171875 0.3173828125 0.3385416671875 0.328125 0.3372395828125 0.3359375 0.21484375 0.34375 0.20963541718749998 0.337890625 0.15234375 0.349609375 0.1471354171875 0.345703125 0.08984375 0.359375 0.07421875 0.2880859375 0.0494791671875 0.2529296875 0.05989583281250001 0.2412109375 0.0442708328125 0.2294921875 0.05989583281250001 0.1962890625 0.0625 0.19140625 0.0481770828125 0.2060546875 0.0416666671875 0.1591796875 0.0364583328125 0.1484375 0.1002604171875 0.15625 0.1731770828125 0.150390625 0.20963541718749998 0.158203125 0.22265625 0.1484375 0.22005208281250002 0.154296875 0.23307291718749998 0.142578125 0.2747395828125 0.15234375 0.2825520828125 0.140625 0.28515625 0.1484375 0.2955729171875 0.138671875 0.30078125 0.12890625 0.4388020828125 0.140625 0.4440104171875 0.142578125 0.49609375 0.1328125 0.5403645828125 0.13671875 0.5533854171875 0.12109375 0.56640625 0.130859375 0.5716145828125 0.125 0.58203125 0.134765625 0.58984375 0.13671875 0.61328125 0.130859375 0.6861979171875 0.1376953125 0.703125 0.1591796875 0.7109375 0.1767578125 0.734375 0.255859375 0.74609375 0.275390625 0.73828125 0.2744140625 0.7135416671875 0.2998046875 0.7109375 0.3017578125 0.7213541671875
2 0.630859375 0.06380208281250001 0.5966796875 0.0026041671875 0.5126953125 0.0026041671875 0.494140625 0.0325520828125 0.484375 0.06901041718749999 0.490234375 0.18359375 0.5341796875 0.24739583281250002 0.5654296875 0.2630208328125 0.5859375 0.26171875 0.6103515625 0.24739583281250002 0.630859375 0.20963541718749998 0.638671875 0.1627604171875 0.630859375 0.06380208281250001
2 0.2275390625 1 0.234375 0.9856770828125001 0.232421875 0.9440104171874999 0.22265625 0.91015625 0.1923828125 0.8880208328125001 0.1533203125 0.8776041671874999 0.1318359375 0.8489583328125001 0.0986328125 0.859375 0.06640625 0.91015625 0.041015625 0.9986979171874999 0.12109375 1 0.2275390625 1
2 0.05859375 0.69140625 0.05078125 0.6861979171875 0.05859375 0.6809895828125 0.0517578125 0.671875 0.1015625 0.6783854171875 0.1015625 0.6341145828125 0.0810546875 0.5963541671875 0.0517578125 0.5833333328125 0 0.5846354171875 0.001953125 0.77734375 0.0126953125 0.7682291671875 0.041015625 0.76953125 0.056640625 0.7122395828125 0.05859375 0.69140625
2 0.4833984375 0.7630208328125 0.4990234375 0.7630208328125 0.50390625 0.75390625 0.494140625 0.7513020828125 0.4970703125 0.7421875 0.5263671875 0.7395833328125 0.515625 0.7278645828125 0.5224609375 0.7213541671875 0.533203125 0.72265625 0.5302734375 0.7369791671875 0.5380859375 0.734375 0.541015625 0.71484375 0.529296875 0.6940104171875 0.4970703125 0.6588541671875 0.4833984375 0.6588541671875 0.4462890625 0.703125 0.4248046875 0.7057291671875 0.4208984375 0.6953125 0.3798828125 0.7265625 0.38671875 0.7330729171875 0.3818359375 0.7369791671875 0.3603515625 0.7447916671875 0.3515625 0.7330729171875 0.361328125 0.7278645828125 0.3583984375 0.7161458328125 0.3515625 0.72265625 0.365234375 0.6966145828125 0.3564453125 0.6953125 0.3154296875 0.7421875 0.26953125 0.8190104171874999 0.24609375 0.88671875 0.24609375 0.9518229171874999 0.255859375 0.98828125 0.2666015625 1 0.283203125 0.9986979171874999 0.3076171875 0.953125 0.3779296875 0.9010416671874999 0.4794921875 0.7838541671875 0.4833984375 0.7630208328125
2 0.5693359375 0.3567708328125 0.5341796875 0.3333333328125 0.4755859375 0.3255208328125 0.4443359375 0.34375 0.427734375 0.37890625 0.427734375 0.4049479171875 0.443359375 0.44140625 0.4912109375 0.484375 0.52734375 0.48828125 0.5966796875 0.4427083328125 0.6171875 0.4231770828125 0.615234375 0.41015625 0.5693359375 0.3567708328125
2 0.7333984375 0.8567708328125001 0.8154296875 0.7734375 0.869140625 0.6888020828125 0.92578125 0.54296875 1 0.42578125 0.9990234375 0.1953125 0.8525390625 0.3098958328125 0.6806640625 0.3854166671875 0.6279296875 0.4192708328125 0.4970703125 0.5390625 0.4345703125 0.6197916671875 0.3935546875 0.6536458328125 0.3076171875 0.7526041671875 0.26953125 0.8216145828125001 0.25 0.8763020828125001 0.25 0.95703125 0.2646484375 0.9973958328125001 0.572265625 0.9986979171874999 0.6962890625 0.9010416671874999 0.70703125 0.88671875 0.6982421875 0.8776041671874999 0.7333984375 0.8567708328125001
2 0.4169921875 0.0390625 0.3291015625 0.0026041671875 0.1591796875 0.0026041671875 0.14453125 0.06901041718749999 0.138671875 0.2981770828125 0.1171875 0.54296875 0.111328125 0.7278645828125 0.123046875 0.7747395828125 0.1630859375 0.8359375 0.24609375 0.8450520828125001 0.353515625 0.68359375 0.421875 0.24348958281250002 0.431640625 0.07421875 0.4169921875 0.0390625
2 0.8193359375 0.8229166671874999 0.7861328125 0.8098958328125001 0.6552734375 0.9375 0.642578125 0.9596354171874999 0.6455078125 1 0.74609375 0.9986979171874999 0.7841796875 0.9713541671874999 0.865234375 0.9388020828125001 0.849609375 0.8580729171874999 0.8193359375 0.8229166671874999
2 0.826171875 0.7747395828125 0.8623046875 0.8046875 1 0.8658854171874999 0.9990234375 0.4322916671875 0.94140625 0.5221354171875 0.875 0.6861979171875 0.826171875 0.7747395828125
4 1 0.00390625 0.8134765625 0.0026041671875 0.6591796875 0.1458333328125 0.642578125 0.1731770828125 0.6328125 0.22265625 0.583984375 0.2799479171875 0.5810546875 0.2994791671875 0.55078125 0.3294270828125 0.62890625 0.4127604171875 0.8603515625 0.3020833328125 0.9931640625 0.1979166671875 1 0.1783854171875 0.982421875 0.15234375 1 0.1653645828125 1 0.00390625