2 0 0.3223468953125 0.04085545625 0.42450671562500003 0.059753409375 0.48435264218749996 0.0585061578125 0.48579705625 0.09031758906250001 0.47528137031249995 0.08337770312500001 0.4140464125 0.06364425781250001 0.32587535 0.050505165625 0.2535043515625 0.01743475625 0.1457687796875 0 0.1515320671875 0 0.3223468953125
2 0.1604690453125 0.45089322656249997 0.12897981875 0.25153674531250003 0.118820771875 0.218935125 0.053394937499999996 0.23936382968749997 0.061462873437499996 0.2702593734375 0.0758699046875 0.3254299859375 0.1319802875 0.46167511718750004 0.1604690453125 0.45089322656249997
2 0.2455876671875 0.4239548125 0.2189639515625 0.23377791874999998 0.2008768546875 0.183419784375 0.1394521109375 0.20971784218749998 0.14658149843749999 0.24332095781250002 0.21462740624999999 0.437949075 0.2455876671875 0.4239548125
2 0.3088153828125 0.39825941875000004 0.280462821875 0.20146205468749998 0.27008976093750003 0.16173921093750002 0.20772646875 0.190744840625 0.21456771562500002 0.2232445453125 0.280294878125 0.40905373906250003 0.3088153828125 0.39825941875000004
2 0.350292075 0.3869460765625 0.3797571328125 0.38319931875 0.3616951390625 0.25731725 0.3621070234375 0.21163198125 0.3095416953125 0.0575996296875 0.25234042031250004 0.071713615625 0.2768323703125 0.165503659375 0.28748520312500003 0.23150455781249998 0.3467931421875 0.3893013546875 0.350292075 0.3869460765625
2 0.265162384375 0.8738641906250001 0.24845023125000001 0.8098662796875 0.24100819062499998 0.7404066890625 0.22473243125 0.665476575 0.1705608171875 0.6785890671875 0.1821193203125 0.732303975 0.1989139703125 0.765109434375 0.2229862609375 0.8194823906250001 0.23971897968749997 0.883702640625 0.265162384375 0.8738641906250001
2 0.1764707 0.90917569375 0.2015724015625 0.9044739796875 0.186482084375 0.8435359312499999 0.17652090625 0.7581278218749999 0.1610025640625 0.6829473328125 0.09842525625000001 0.70483174375 0.1071436015625 0.731916303125 0.1295528078125 0.7988256218750001 0.15950328593750002 0.8536527890625001 0.17336883125 0.906833565625 0.1764707 0.90917569375
2 0.8175035625 0.298429546875 0.8005773953125 0.227310415625 0.7986100265625 0.1788156578125 0.779526990625 0.0868336109375 0.7255693890625 0.107067325 0.743038959375 0.1708148625 0.772553040625 0.2365742328125 0.789660340625 0.30523616875 0.8175035625 0.298429546875
2 0.52824574375 0.2777774 0.5082654062499999 0.1729067 0.5076646125 0.1359468125 0.49566971562499995 0.0931641078125 0.454193021875 0.10447745 0.4391846078125 0.122623946875 0.4447662859375 0.14714939062500001 0.49031760156250004 0.2459645921875 0.5002064328125 0.287240453125 0.52824574375 0.2777774
2 0.5872391593749999 0.2591920015625 0.6027497265624999 0.24927013437499998 0.597179009375 0.2279375 0.5828269765625 0.1519719171875 0.5771191609375 0.10910870312500001 0.5648965015625 0.06440352031249999 0.5107687265624999 0.09028723749999999 0.519555621875 0.128137084375 0.5336609578125 0.150644028125 0.5754634359375 0.2584031578125 0.5872391593749999 0.2591920015625
2 0.9036522250000001 0.6601742953125 0.892724803125 0.6246302406249999 0.8795914874999999 0.49871714687499996 0.8624182296875 0.4476573765625 0.8112487765624999 0.47016585937500005 0.8303154734374999 0.538979196875 0.8515063578125 0.58231803125 0.8709903203125 0.625422003125 0.8813786859375 0.661244090625 0.9036522250000001 0.6601742953125
2 0.759661015625 0.698982296875 0.7597379328125 0.6845729406250001 0.7513515671875 0.6713630171875 0.7464121265625 0.6314422375000001 0.7416484390625 0.569088353125 0.724244828125 0.487738653125 0.6723289203125 0.5136903171875 0.6826306421874999 0.5510394187500001 0.6949740609374999 0.5941064703125 0.7176797734375 0.6369445546875 0.73552815 0.68218740625 0.7328332578125 0.6886719890624999 0.73685379375 0.7042266265625 0.759661015625 0.698982296875