2 0.188918434375 0.23793207187499998 0.1645510515625 0.2601330328125 0.15496215468750002 0.2956279 0.25884642812499997 0.44838595468750003 0.2733070640625 0.51636375 0.2918058171875 0.5621986921875 0.5013254218750001 0.8354927265625 0.5225085468749999 0.8230520265625 0.5398124796875 0.8054122359375 0.5493219140625001 0.78358834375 0.560430703125 0.755641503125 0.564578259375 0.728612453125 0.56081356875 0.689772271875 0.41350548125 0.47480738437500003 0.386757128125 0.5030857265625001 0.3531259203125 0.5048548484375 0.3297929890625 0.4836028265625 0.2970878765625 0.4605611984375 0.2753831953125 0.42821496875 0.2734789984375 0.3522665140625 0.2734862234375 0.351023696875 0.188918434375 0.23793207187499998
2 0.7091070109375 0.3316624375 0.6902687375000001 0.3442398328125 0.690811965625 0.385298315625 0.7032744953125001 0.3934842609375 0.6952343859375001 0.4315558890625 0.719278134375 0.5995512921875 0.7402878859375 0.6169381703125 0.80138405 0.5981216140625001 0.8594043125 0.570423084375 0.8673505140625 0.548508059375 0.86593898125 0.5223178015625 0.8425901640625 0.36928174999999996 0.8271095203125001 0.34227130625 0.824019171875 0.335874965625 0.8249524906250001 0.3098214015625 0.8171941109375 0.29942321875 0.7906408015624999 0.2941455375 0.7499316953124999 0.3029614625 0.7091070109375 0.3316624375
2 0.336995665625 0.051536942187500004 0.3243236421875 0.079392653125 0.317897334375 0.108855703125 0.3271322625 0.1342588046875 0.3573191484375 0.18699131093750002 0.437507859375 0.24636846874999999 0.451678103125 0.22978923281250002 0.45735169062500003 0.1953093515625 0.4738378890625 0.183838078125 0.5362294609375 0.0406330390625 0.4956365765625 0.03755709375 0.342601953125 0.0286356765625 0.336995665625 0.051536942187500004
2 0.8587054640625 0.6906550484375 0.8147398609375 0.7216593921875 0.8154420171875 0.7353759296875 0.8208194234375 0.75185149375 0.81518195625 0.7801172953125 0.8181133796875001 0.81385558125 0.840853953125 0.9370184890625 0.8587444609375 0.9529802890625 0.882192975 0.954347259375 0.8994675171875001 0.9432184984375 0.9097662890624999 0.9186575890625001 0.9083475312499999 0.8937101437500001 0.904677834375 0.8524693984375 0.8978961156249999 0.8085607593749999 0.8926053921875001 0.77717140625 0.8841520812500001 0.75181386875 0.8795129453125 0.7428407671875 0.8788469109375001 0.7229101499999999 0.8742872374999999 0.7002660734374999 0.8587054640625 0.6906550484375
2 0.49513936718749996 0.8236217031249999 0.47337689374999997 0.8012179953125 0.46865107031250003 0.8071586796875 0.46587278750000005 0.8815909234375001 0.4468177984375 0.9314527890625 0.434934615625 0.9581112468749999 0.4122316 0.963003921875 0.3966859453125 0.9471788171875 0.3677805609375 0.9430072562499999 0.3327522671875 0.916100484375 0.298483921875 0.8929677281249999 0.3021752921875 0.9304800249999999 0.3113524265625 0.9658256546875 0.3245098890625 0.9889709515625 0.3675493953125 0.9827773578125001 0.49749288125 0.9567852421874999 0.5618672140625 0.91205181875 0.6168621437499999 0.8667716078125001 0.6536992796875001 0.8515137765624999 0.6913334234375 0.842862671875 0.706183209375 0.834681628125 0.707840353125 0.8186161562500001 0.7002770171875 0.77466195 0.6822853765625 0.7760995703125 0.638406459375 0.7921901265625 0.5938687328125 0.78710725 0.5571688484374999 0.7787515828125 0.5358556937500001 0.8135629625 0.5052714921875 0.8291853187499999 0.49513936718749996 0.8236217031249999
2 0.248040003125 0.8278651703125 0.2564716421875 0.8569511546875 0.305532921875 0.8908921875000001 0.38101748281250003 0.95248158125 0.3935450296875 0.9494821874999999 0.4114716546875 0.9592299078125001 0.43181537031249995 0.9566861687499999 0.45235413125 0.92058640625 0.4635207125 0.8826970421875 0.46934432968750006 0.839861975 0.46640013125 0.790865378125 0.4516649859375 0.7701145796875 0.43525825156250003 0.767914884375 0.42755766093750003 0.747574175 0.31771084374999997 0.6790086265624999 0.299719203125 0.680446246875 0.27458465 0.7001160093750001 0.2587139203125 0.7402176125000001 0.2467223796875 0.7855183078125 0.248040003125 0.8278651703125
2 0.2672907125 1 0.2670603125 0.9184870437500001 0.23028674843750002 0.788289875 0.17538573125 0.81741348125 0.1503595359375 0.818441009375 0.126143853125 0.8145428421875 0.18375379375 0.991954465625 0.1915057078125 1 0.2672907125 1
2 0.5959348 0.5661724921875 0.625484546875 0.5940031171875 0.656698665625 0.60452545625 0.6833747812500001 0.588675271875 0.70876939375 0.52426414375 0.7050996953124999 0.4830233984375 0.684371675 0.4171667078125 0.6736890953125 0.3717874234375 0.657202896875 0.3832587 0.6368880765625 0.380831175 0.6142861953125001 0.3683244296875 0.5494119765625001 0.36454247500000003 0.5374565546875 0.40362909062499996 0.5426461437500001 0.45241786250000005 0.5627586953125 0.489644225 0.5766616546875001 0.5190491703125 0.5959348 0.5661724921875
2 0.8967379515625 0.4645182296875 0.9900595765625001 0.282229815625 0.9907025 0.17161922031250001 0.8461914609375001 0.282545434375 0.824943321875 0.306171471875 0.8201163656249999 0.32951157656249996 0.825479328125 0.348472771875 0.840981640625 0.37175476875 0.854581196875 0.45335796874999995 0.8779574718750001 0.46715309843749997 0.8967379515625 0.4645182296875
2 0.89628575625 0.1387638234375 0.8602808015625 0.145367509375 0.8222199515625 0.10212187343750001 0.74064425625 0.281365325 0.7545688859374999 0.307041821875 0.8241906 0.30115464531249997 0.9907949234375 0.170381371875 0.99134863125 0.0751199078125 0.9447276140625 0.071587178125 0.9246768078125 0.096905640625 0.89628575625 0.1387638234375
2 0.49732294843749997 0.30820730625000003 0.5049585234375 0.3397333546875 0.532199540625 0.36121320625000003 0.63142156875 0.3744569453125 0.6571932625 0.3796890609375 0.6799829625 0.3598826 0.699812346875 0.31130911562499997 0.7064337 0.248290040625 0.6959389421875 0.17059755000000001 0.6688424015625001 0.1242613859375 0.633712975 0.11475403437500001 0.6046847843750001 0.13171033906250001 0.5349619375 0.154996934375 0.5259812828125 0.22036494375000001 0.50294596875 0.2824271359375 0.49732294843749997 0.30820730625000003
2 0.71293074375 0.610209759375 0.718880275 0.6627725437499999 0.7256619953125 0.7066811828125 0.747316109375 0.7477271234375 0.7691435984375 0.758945490625 0.941872315625 0.6359886703125001 0.9884645000000001 0.5566512125 0.98906981875 0.46717345000000005 0.9553461875 0.47018042031249996 0.9154259234375001 0.47779909375 0.8629275484375001 0.497116875 0.8673427437499999 0.5446172625 0.8538457609375 0.5798843015624999 0.7433849125 0.616958084375 0.721615215625 0.5957971921875 0.71293074375 0.610209759375
1 0.5 0.5 1 1