1 0.5 0.5 1 1
2 0.3346555375 0.60135604375 0.327050675 0.4549134140625 0.3458857359375 0.3568491140625 0.322386325 0.0680213203125 0.275332203125 0.053443056249999996 0.2326341375 0.051449384375 0.1866331421875 0.099037921875 0.19109379375 0.1023322890625 0.20940065937500002 0.3639686375 0.2477662015625 0.44057630625 0.264880965625 0.49624424375 0.27424142812499996 0.6197525203125 0.296628878125 0.6284170390625 0.3111373 0.626766384375 0.3228739375 0.624891584375 0.3346555375 0.60135604375
2 0.73445143125 0.8850551375 0.7748596796875 0.4665632171875 0.74634880625 0.4246491671875 0.7549067734375 0.262664596875 0.716975425 0.2588828734375 0.701020865625 0.2781383125 0.685619346875 0.426575565625 0.6633448578125 0.452467265625 0.64242119375 0.49159690312500004 0.6026318749999999 0.89942968125 0.63994429375 0.9138705500000001 0.6819163484375 0.913766790625 0.7257510828125 0.9034852484375 0.73445143125 0.8850551375
2 0.6798607750000001 0.319478215625 0.5900963515625001 0.41116181249999995 0.5550869281249999 0.40524134375000004 0.328569578125 0.6485599984375 0.33485683593750004 0.6894720421875 0.37286184218749996 0.735787146875 0.3910824453125 0.7417491203125001 0.619967465625 0.5011932359375 0.6249914046875 0.4540935484375 0.6936822546875 0.38368038125 0.6968352765625 0.3162389671875 0.6798607750000001 0.319478215625
2 0.22557224374999998 0.575033540625 0.20828356874999998 0.566162640625 0.16399004687500002 0.5707028140625 0.1048939359375 0.62968569375 0.089668915625 0.664118353125 0.09011511250000001 0.7046161796875 0.10852845468750001 0.7335399875 0.13371521875 0.74655751875 0.169778003125 0.7387173781249999 0.2111789 0.6958876921875 0.22557224374999998 0.575033540625
2 0.4748385984375 1 0.4856169171875 0.9884697953125 0.5004063296875 0.952778675 0.4996494921875 0.91325049375 0.511707365625 0.8939400953125001 0.6160755250000001 0.7697631203124999 0.6186213828125 0.7565801421875 0.6036286390625001 0.7300700625000001 0.58652564375 0.7180014203125 0.4656828375 0.8543300468749999 0.43900710781249996 0.8538146687499999 0.4053722765625 0.8724033078125 0.31842798125 0.9681516234374999 0.3975625875 1 0.4748385984375 1
2 0.8972645312499999 1 0.9189977578124999 0.9263075093750001 0.831093659375 0.9990934703125 0.798633621875 0.9930698093749999 0.7686015390625001 0.997794646875 0.7659462453125 1 0.8972645312499999 1
2 1 0.41089843125 0.9434035875 0.4914388859375 0.9235690562500001 0.495750965625 0.9154888171875 0.5078818640625 0.9271773078125 0.5205979562499999 0.9256822843749999 0.5201950296875 0.9436069171874999 0.5536400859375 0.9700433125 0.5889386296875 1 0.616684375 1 0.41089843125
2 0.40943769531249996 0.08751411875000001 0.40893078281250006 0.052442139062500004 0.42067915312500004 0.019593446875 0.1441357953125 0.0067132328125 0.1371318921875 0.028989096875 0.40943769531249996 0.08751411875000001
2 0.4117406859375 0.0960345171875 0.4167215609375 0.1197596125 0.4119404875 0.1451559265625 0.39696539531249997 0.1840447875 0.3980293453125 0.209523540625 0.40910163906249997 0.2247074875 0.42526917500000005 0.2266052671875 0.4458499546875 0.22258200625 0.46032519531249994 0.174780740625 0.4760465359375 0.13618069531250002 0.50309009375 0.1172208015625 0.5188792125 0.099354490625 0.53030874375 0.0558237984375 0.5355941171875 0.024945696875 0.4215769984375 0.019635264062499998 0.4067562859375 0.059229631250000005 0.4117406859375 0.0960345171875
2 0.5646884484375 0.11599397656249999 0.585094140625 0.154407825 0.61047364375 0.190387190625 0.66388935 0.19907189218750002 0.67595075625 0.1928412828125 0.708603534375 0.2218267765625 0.7230357078125 0.244850296875 0.7429380171875 0.2612719515625 0.7699851046874999 0.25539184375 0.7820429828125001 0.23608144687500002 0.786574128125 0.2062289296875 0.7774264078125 0.17980128906249998 0.759823559375 0.158820240625 0.728163428125 0.12149997812499999 0.724114484375 0.0948659578125 0.7181409671875 0.07947562968750001 0.5832982703125 0.027167553125 0.5424368609375 0.025264403125 0.5416048765625 0.0623754296875 0.5646884484375 0.11599397656249999
2 0.10405317656249999 0.3417054234375 0.1064634828125 0.2870549796875 0.1012934 0.2534478359375 0.073043921875 0.231594703125 0.0122115640625 0.41968422656250004 0.0176581765625 0.6068721421875 0.0214222390625 0.599630140625 0.10405317656249999 0.3417054234375
2 0.6525746296875 1 0.67154818125 0.978760259375 0.7271242671875 0.928338315625 0.713438340625 0.9056036125 0.65623420625 0.91398045625 0.609859496875 0.959244621875 0.6015900484375 0.9614934749999999 0.57733874375 0.9586468046875 0.557129321875 0.95627458125 0.5100257328125 1 0.6525746296875 1
2 0.9124630859374999 0.766029125 0.9263241015625001 0.74632671875 0.9204077703125 0.712430759375 0.9170125875 0.5737933046875 0.920222796875 0.4878462578125 0.9143707125 0.46160424375 0.872155790625 0.483411378125 0.8558632906250001 0.47928549531250003 0.839624446875 0.44357419687500005 0.77715774375 0.3060516453125 0.76695313125 0.280304828125 0.762675440625 0.32769333437500003 0.7558377734375 0.33594566718749996 0.755096203125 0.3354421046875 0.7909107421875 0.577302325 0.8042895546875 0.614086459375 0.8350855359375 0.67504938125 0.858040615625 0.7133600375 0.8663171234375 0.7372707609375 0.8686271765625 0.7719507359375 0.8889615609374999 0.776551059375 0.9124630859374999 0.766029125