2 0.148250965625 0.330860746875 0.13604021875 0.362165290625 0.1425644546875 0.398997 0.299371803125 0.49218217031249994 0.34097762187499997 0.5479472765625 0.376789571875 0.5816103546875 0.678314640625 0.737674584375 0.6918338140625 0.7167443265625 0.6997114328125 0.6927971265624999 0.69890490625 0.6685249015625 0.6969243765625001 0.637923759375 0.6891587921875 0.611296328125 0.669375415625 0.57740988125 0.44771934687500003 0.4467812953125 0.43597012812499997 0.48472478125 0.40689298906250004 0.5014813265625 0.37720200937500004 0.49251384375 0.3384415140625 0.48612493749999997 0.30549736250000004 0.4662614578125 0.2716526375 0.397543496875 0.27113284531250004 0.3964017234375 0.148250965625 0.330860746875
2 0.64927006875 0.1826119984375 0.6378883281250001 0.20261217031249998 0.6557539328125 0.2399805921875 0.670272315625 0.2418707625 0.6792610890625 0.2803659578125 0.7717124453124999 0.423442390625 0.7977066171875 0.42991464375 0.843923578125 0.3851805265625 0.8836520890624999 0.333694125 0.881420609375 0.310041953125 0.8690800296875001 0.28668481562500003 0.78357865 0.156999609375 0.7584134812500001 0.139222984375 0.752964615625 0.1347542421875 0.742761465625 0.1104670171875 0.7314783609375 0.10443313437499999 0.705694765625 0.11154879375 0.673324084375 0.137946228125 0.64927006875 0.1826119984375
2 0.3567125515625 0 0.195932290625 0.069962234375 0.2006565125 0.0934647921875 0.20121209062499998 0.124685990625 0.20798727499999997 0.15456873124999998 0.22693283437499998 0.1736838125 0.27603089999999997 0.2084053171875 0.372286871875 0.2267103 0.377834378125 0.2051449875 0.36826754687499996 0.171005190625 0.37803165 0.15307687812499998 0.37293832656250003 0 0.3567125515625 0
2 1 0.50747634375 0.9823993109375 0.48872496875 0.9744859078125 0.482592740625 0.9654567625 0.4646344296875 0.9518256484375 0.44594271875 0.9339375656250001 0.44415089218750003 0.9080732265625 0.49234032031249997 0.9145034125 0.5045897765625 0.92624804375 0.517262603125 0.9332159140625 0.5456935421875 0.950100196875 0.575281253125 1 0.6460747875 1 0.50747634375
2 0.6678023796875 0.7295838265625 0.6390165624999999 0.7188545171875 0.6373406578125 0.7264235453125 0.6663907296875 0.7958599078125 0.6706027421874999 0.85011321875 0.6713510031250001 0.8798826156249999 0.6532881265625 0.8945823031250001 0.6328010859375001 0.8870816187499999 0.60539985 0.8962691390625 0.562942546875 0.8873850031250001 0.5227570984375001 0.8816161515625 0.541913234375 0.9143191453125 0.5650171281249999 0.9425683984375001 0.5864854890625 0.95784979375 0.622033184375 0.9328058203125 0.726270003125 0.8505132390625001 0.7644212453125 0.7805618078125 0.7940227625 0.714330721875 0.8202320999999999 0.683774578125 0.8499455046875 0.658912034375 0.8596513953124999 0.6447343171875 0.8543190578125 0.6292712328125 0.8290015765625001 0.5924095265625 0.8136541875000001 0.6018237265625 0.7815523484375 0.6363119015625001 0.739901571875 0.6516999921875 0.703816190625 0.6605624828125001 0.69965326875 0.7020446234375 0.6791437484375 0.7301205375 0.6678023796875 0.7295838265625
2 0.450456503125 0.8446794499999999 0.470248959375 0.8675298765624999 0.5281298078125001 0.8765423515625 0.6211505015625 0.89899105 0.6309907609375001 0.8906052765625001 0.651016275 0.89146701875 0.6679813015625 0.879980959375 0.6709119546875 0.837667075 0.664773090625 0.797931765625 0.6518017953124999 0.756070415625 0.6284459359375 0.7125106046874999 0.6065922031250001 0.7001328078125 0.5911103921875001 0.7055016390625 0.575668953125 0.6903335859374999 0.44922010312499994 0.6769590609375 0.4338727140625 0.6863732640625 0.41990990625 0.7157042921875 0.42281349218750003 0.7595833187500001 0.4313586296875 0.806479284375 0.450456503125 0.8446794499999999
2 0.4179559859375 0.8164152015624999 0.38159717656250003 0.867803259375 0.35983749375 0.8800077171874999 0.3367111203125 0.8873350625 0.4224654015625 0.98014855625 0.5311512281249999 0.973818328125 0.5056934328125 0.919136265625 0.4179559859375 0.8164152015624999
2 0.6481918624999999 0.44837596093750004 0.686181615625 0.46057206875 0.718319240625 0.4561633234375 0.7352663781250001 0.42963755 0.7305166828125 0.35920275468749996 0.7098011718749999 0.32307444687500003 0.6635351203125001 0.2720731140625 0.6348479390625 0.23530975 0.6250838390625 0.2532380640625 0.6060396421875 0.2601570375 0.5806996828125001 0.2588719265625 0.5215640875 0.28460430625 0.5275102656249999 0.3257914171875 0.5527694828125 0.36815029374999997 0.5863678453125 0.393200915625 0.6111476421875001 0.41388114062500003 0.6481918624999999 0.44837596093750004
2 0.7870384890625 0 0.7500490296875 0.0759213140625 0.7412079828125 0.10712751250000001 0.7468091640625001 0.1306813375 0.7595933796875001 0.14563770781250002 0.7831991703125001 0.1599890171875 0.8298102203125 0.22862363437500002 0.8563824500000001 0.2307404875 0.8719225249999999 0.2198744859375 0.87750626875 0.0108836421875 0.8725514875 0 0.7870384890625 0
2 0.6537857390624999 0 0.65594379375 0.12234226562499999 0.679164215625 0.13959717656249998 0.7384163390625 0.10287045624999999 0.7872089453125 0 0.6537857390624999 0
2 0.45151655156250003 0.25643963125 0.47163611562499996 0.2818836265625 0.50488948125 0.2893009640625 0.5984928171874999 0.2567779515625 0.6235639359375 0.2499723203125 0.6353893125 0.221571378125 0.6324095703125 0.1681498109375 0.611600009375 0.10743924687499999 0.56939824375 0.0409898296875 0.5257490421875 0.010737065625 0.490568825 0.017837728125 0.47200404999999995 0.04643535625 0.420029009375 0.099146875 0.43974072187499996 0.1630710671875 0.445588265625 0.23029223281250003 0.45151655156250003 0.25643963125
2 0.7705959078125 0.4360630890625 0.798126975 0.48153725156249993 0.8227319796874999 0.5187089890625 0.8593146718750001 0.546564865625 0.8834223640625 0.5470182343750001 0.9845496031250001 0.35664240468749997 0.9922794984375001 0.26299381093749996 0.9549321578125 0.1807524828125 0.9262971484375001 0.1986845953125 0.8941191515625 0.2236302265625 0.8557394374999999 0.26495402968750004 0.8797663859375 0.306481165625 0.8827282359374999 0.3448630203125 0.800461678125 0.42853905625 0.772195653125 0.418951515625 0.7705959078125 0.4360630890625
1 0.5 0.5 1 1