3 0.2332654781007749 0.12044435904180577 0.3084690437984502 0.23652460714194468
3 0.4379041108896267 0.1870181824644101 0.2433051187523077 0.21784603590354185
3 0.3473921275470645 0.3296583177230211 0.24360550740125558 0.22253353590354186
3 0.15671586520856334 0.2649743026210418 0.2672432665005543 0.22620404977125022
3 0.3162770396363971 0.05821842239642387 0.3080709207272059 0.10858144509784746
3 0.11563788710778848 0.4083781572944446 0.23127577421557696 0.2323813145888891
3 0.08079371530084843 0.5647184230620139 0.16158743060169686 0.22318684612402784
3 0.05459335826873306 0.7275087105810765 0.10918671653746612 0.23001742116215293
3 0.051049251236617674 0.838482578172257 0.10209850247323535 0.13321515634451409
3 0.5336252259413066 0.08518488516170183 0.22649954811738696 0.1503675951740974
3 0.7085658667497228 0.12681260676069503 0.2285021391103733 0.18161759517409742
3 0.8824854256644514 0.19658351215527853 0.2242151573089707 0.1877584924005557
3 0.9187769717792534 0.37503647368628557 0.12980382325581452 0.19960256933854179
3 0.7969811173680317 0.32212706639184097 0.24164248920265835 0.2162471683123613
3 0.6190051141288292 0.2546089920193061 0.2662815437984502 0.23554268218006963
3 0.5165741216869684 0.40010137034406296 0.2548433960502036 0.2274756090418057
3 0.7014311806016968 0.4701268488769103 0.26285615514950234 0.2307824469977085
3 0.8675079611387954 0.5279789825200008 0.21431852559985307 0.22809255167111128
3 0.28196048735695706 0.48383601823611133 0.24476748920265834 0.21631990349472244
3 0.23175332896825235 0.6446273946610072 0.3011571915466968 0.24415526918604194
3 0.19437683760612565 0.8127591456109379 0.30916995064599545 0.2474621071419448
3 0.21630429750830324 0.9336859753987152 0.27539812307124434 0.13262804920256954
3 0.4392969162606109 0.7269171370615629 0.2723312846991516 0.23256315254479176
3 0.3941277112956788 0.8823488662600004 0.24653024830195705 0.21948127108590293
3 0.4314694201181222 0.9764573164887501 0.20360466378737557 0.04708536702249973
3 0.5720431577796211 0.9176102997712501 0.2597521391103733 0.16477940045749975
3 0.72936550201181 0.9518963404244447 0.18689682757475126 0.09620731915111058
3 0.7809058204872625 0.8537952936904173 0.20862973010335964 0.21235844889756955
3 0.6273791047249888 0.7954528507767714 0.25171839605020363 0.22740287385944455
3 0.45744254627168557 0.5536432912218754 0.26013167334809956 0.23695971181534753
3 0.63352538248431 0.6140755642076394 0.2433051187523077 0.21784603590354196
3 0.8053515152731618 0.679885668215452 0.2518185255998528 0.22896537385944454