3 0.12631457349061373 0.6712737024816745 0.21443455534962835 0.24879740496334896
3 0.29431309454200594 0.7508240807098184 0.23381947241000384 0.22365529333095147
3 0.30811515579726606 0.5881273387555901 0.2324206635169964 0.22823353268728983
3 0.1276711984482047 0.5092653753781523 0.2278422909216581 0.2310307507563046
3 0.1263021937236993 0.8271412902288585 0.20218752649368782 0.2105325804577169
3 0.14980411487560802 0.3619586866422327 0.26550598202865067 0.2383405062041863
3 0.1918948672378607 0.2059161362739156 0.25591272721932723 0.23143494234221587
3 0.2439161803072194 0.08875576944573807 0.2659573606144388 0.16199652749150975
3 0.3057514921954517 0.05177457551403832 0.2802529843909034 0.08038589457178884
3 0.30038702366809894 0.9024412110316493 0.2203373257680484 0.1946562081816577
3 0.4761608391845284 0.9398705191936365 0.22064486061443875 0.12025896161272698
3 0.6637526084218222 0.9713715274915098 0.2204613221398514 0.05725694501698051
3 0.8401861336495656 0.9293257751457211 0.21446927168436442 0.14134844970855767
3 0.6701439629609929 0.8895587987788331 0.23220240870767306 0.22088240244233362
3 0.48305070152824764 0.8216932276273958 0.2547321731356433 0.24226318169855424
3 0.48865831686719174 0.6475126824548587 0.24508435462398898 0.2337951178365838
3 0.6821107057045989 0.7194908613034213 0.2529514183263199 0.2359039210548925
3 0.8712302586071565 0.8012975082209988 0.2466468546239889 0.23390437848024553
3 0.3486434081595188 0.4319755277436113 0.23532740870767296 0.2222020539746133
3 0.4057688834799295 0.2824397034900807 0.2908879279449666 0.25102617650277403
3 0.47884674101432534 0.14337148567316743 0.2983184820286507 0.24063497972108272
3 0.5717311562606022 0.08050513493653329 0.27158731252120455 0.10004283070981841
3 0.6259201815731636 0.36018156328089274 0.2623809820286507 0.23812198491686284
3 0.6848264117028979 0.21700499967102385 0.23549109981466537 0.22688955397461327
3 0.7930902902886858 0.14820000537100705 0.20527283175849825 0.12034462303236385
3 0.9691790751350762 0.23013233842661399 0.06164184972984756 0.10146394703379284
3 0.8696032049868088 0.2860384949794469 0.252842290921658 0.23277892105489234
3 0.9702976310328587 0.34419483842661397 0.05940473793428254 0.20146394703379294
3 0.9408035931912437 0.49117374523154844 0.11839281361751261 0.21375613342392405
3 0.8209896341129017 0.433831502773117 0.2419593546239888 0.23357659654926036
3 0.5340923240387678 0.4979386533738651 0.2500992368379741 0.2434978997675689
3 0.7150992765785059 0.5706052470731338 0.23381947241000384 0.22365529333095147
3 0.8874268666472975 0.6362405907724025 0.22514626670540494 0.23513909654926018