3 0 0.6591417078124999 0.007165567187499999 0.6821381390625 0.2118102515625 0.567782234375 0.2220911890625 0.5045600515625 0.20580297343749998 0.425014590625 0.17935622812500002 0.3819565078125 0 0.47359831874999997 0 0.6591417078124999
3 0.2072625671875 0.32445216875 0.204121215625 0.2831450078125 0.2279641421875 0.2402356203125 0.26992608906250004 0.24071380156250002 0.311486225 0.183471153125 0.31414727343750004 0.11146225937500001 0.3034166359375 0.054684687499999995 0.254413996875 0.0216880453125 0.077802965625 0.2306733375 0.1319967171875 0.4014806828125 0.2072625671875 0.32445216875
3 0 0.2343714328125 0.1247197796875 0.1673381578125 0.1043313140625 0.0677209875 0 0.1003580078125 0 0.2343714328125
3 0.444536875 0.438556903125 0.46114443749999995 0.3756190078125 0.4537999765625 0.3066789765625 0.4304160921875 0.24933282812500002 0.225963040625 0.24084939218749998 0.2043221203125 0.3120054234375 0.213991 0.38245728749999996 0.2417244984375 0.43453251249999997 0.444536875 0.438556903125
3 0.38959299375 0.800248796875 0.42387384531250005 0.8053076734375001 0.45855253593749995 0.7234784203125 0.45879735781250003 0.6700088 0.3336593078125 0.43251906562500003 0.24069325468749997 0.44151953437499997 0.245427184375 0.499627271875 0.38959299375 0.800248796875
3 0.35200048906250003 0.7183386406250001 0.284728078125 0.5721143468750001 0.1344005734375 0.6716169078124999 0.1689388828125 0.8370883140625001 0.35200048906250003 0.7183386406250001
3 0.4548257578125 0.6645526421875 0.4579365078125 0.7125435046875 0.43197006406250005 0.7828014750000001 0.46316142656250003 0.9534410796874999 0.504507340625 0.9429843484375 0.5298995765625001 0.9378002999999999 0.55978248125 0.872635984375 0.4331768921875 0.44649075156249995 0.40725437031249995 0.4344186859375 0.36755563593749996 0.448819740625 0.3658166453125 0.464926525 0.3681348375 0.460243940625 0.3673414171875 0.49560565937499995 0.4548257578125 0.6645526421875
3 0.5943959953125 0.6595651734375 0.5613471999999999 0.676376121875 0.559979415625 0.7568874375 0.590598665625 0.8342620937499999 0.619522840625 0.8454134984375001 0.5943959953125 0.6595651734375
3 0.5519098296875 0.628100971875 0.5696842703125 0.4557913453125 0.5243894109375 0.16489029375 0.503701153125 0.173460509375 0.4663826734375 0.54087025 0.49261519531250003 0.6307142515625 0.52312535 0.6591773859375001 0.5519098296875 0.628100971875
3 0.5887293171875 0.5878857640625 0.5666214109375 0.4700794078125 0.56389915625 0.5554557078125 0.5697494468750001 0.5870329015625 0.5887293171875 0.5878857640625
3 0.21819270937500002 0.919563371875 0.2522899421875 0.9647244625000001 0.434958403125 0.8575271499999999 0.42564344062500004 0.7825171875 0.41157451875 0.800181 0.3886230453125 0.7938719796875 0.3539403859375 0.7310922718749999 0.2120018125 0.8168979437500001 0.21232512812499998 0.8190235484375 0.20616880625 0.854283378125 0.21819270937500002 0.919563371875