6 0.10470862656249999 0.5342366921874999 0.1301084390625 0.55147930625 0.192058375 0.456412709375 0.236591975 0.457646259375 0.33390978125 0.43744486250000003 0.38272120625 0.418850303125 0.3944166296875 0.343875840625 0.3095415125 0.29602167343749997 0.2504741359375 0.279093153125 0.1884691390625 0.24982441406250003 0.1331895359375 0.2828257578125 0.105143615625 0.3401433796875 0.10283684374999999 0.40793948281250003 0.0892725328125 0.5016966093749999 0.10470862656249999 0.5342366921874999
6 0.42766635312499995 0.5427668515625 0.472487846875 0.52190089375 0.4984805953125 0.5000562828125 0.506323271875 0.4637047515625 0.4968145875 0.43510057187499995 0.463877140625 0.437221771875 0.4202279875 0.4838014515625 0.4192785671875 0.5245410203125 0.42766635312499995 0.5427668515625
6 0.47010163125000004 0.2422499390625 0.5219192671874999 0.2564427671875 0.5479291640625 0.239709946875 0.587944871875 0.1892065265625 0.59728208125 0.166692790625 0.5221863953125 0.120231503125 0.45823111250000004 0.157106525 0.45446410468750004 0.2212884125 0.47010163125000004 0.2422499390625
5 0.58797555 0.0904301453125 0.60615991875 0.11516065 0.65548215625 0.140919871875 0.727232290625 0.16135791093750002 0.7543287890625 0.14477985468750001 0.7743948515625 0.08291943125 0.775361421875 0.04729165625 0.6895711796875 0.050400639062499995 0.6395874125 0.043281475 0.58705680625 0.032393331250000004 0.571947240625 0.060897378125 0.566361025 0.0913300421875 0.58797555 0.0904301453125
2 0.185381009375 0.1408628109375 0.20205991874999998 0.22044632343749998 0.24348884375000002 0.29144391875000003 0.2639534109375 0.3004142015625 0.2867488234375 0.284737425 0.2998474296875 0.2563254296875 0.3018613921875 0.23314711875 0.276090553125 0.1772476875 0.251543096875 0.150286246875 0.20782143749999998 0.115295246875 0.18402044374999998 0.071030490625 0.1724223828125 0.0671077625 0.1618359203125 0.0769540453125 0.156707403125 0.09604345 0.185381009375 0.1408628109375
5 0.600124253125 0.3800374625 0.6124398984375 0.40601367499999996 0.7333320718749999 0.42247535156250005 0.76217259375 0.4341524984375 0.7803275796875 0.42614113593749997 0.7934109421875 0.39318532500000003 0.802502871875 0.3695012453125 0.81076450625 0.3381294984375 0.792216434375 0.3248905359375 0.7667945625 0.32505441562500004 0.7226738015625 0.3149856125 0.648324684375 0.3112085671875 0.6234314765625 0.3250726734375 0.60818934375 0.33804055625 0.5866309515625 0.3387547078125 0.5789573421875 0.3535575109375 0.5788598734375 0.3724671453125 0.600124253125 0.3800374625
6 0.8060803359375001 0.6180917015625 0.8210360781249999 0.615680196875 0.836768765625 0.60505300625 0.846177571875 0.5799001765625 0.8231763875 0.5342354546875 0.815094446875 0.5232441171875 0.798539084375 0.5284555515625 0.7870401 0.5540676203125 0.8025184890625001 0.6115288624999999 0.8060803359375001 0.6180917015625
6 0.29490556093750003 0.648229240625 0.3476429390625 0.6368170828124999 0.35881742499999997 0.6104018578125 0.3614727640625 0.5865579578125 0.34837255 0.5665255250000001 0.28394726718749996 0.595196490625 0.27966944374999997 0.6150246015625 0.276712471875 0.6448810640625 0.29490556093750003 0.648229240625
5 0.801653421875 0.6962319031249999 0.8252943703125 0.69278660625 0.841246465625 0.6996002984375 0.8695964328124999 0.7089367546875 0.88339738125 0.6980344281249999 0.8912980203125 0.702944415625 0.8999603640625 0.6950949015625 0.9021480078125 0.67572603125 0.894405809375 0.67008166875 0.88711605625 0.6554184625 0.8664930484375001 0.6471825515625 0.8362418265624999 0.6466585890625 0.8127212109374999 0.6380099734375 0.7992371406250001 0.647443553125 0.7890132796875 0.6694525312499999 0.7903722375 0.690840425 0.801653421875 0.6962319031249999
6 0.5899454921875 0.7039254703125 0.59142478125 0.713219453125 0.6173295890625 0.713124359375 0.62652059375 0.7189750734375 0.6427285953124999 0.7061447578125 0.646206609375 0.6877166171875 0.639905590625 0.6800067000000001 0.6223157687499999 0.664633396875 0.60637129375 0.6600916125 0.5919518359375 0.678475253125 0.590872478125 0.704098284375 0.5899454921875 0.7039254703125
6 0.6489457796875 0.6888636953125 0.665863746875 0.6958149578125 0.68771615 0.686816334375 0.698113690625 0.6686167953125 0.7025423296875 0.64578240625 0.678870896875 0.6401400734375 0.6546936640625 0.6276132343749999 0.6408850953125 0.6362436546875 0.62483553125 0.64833959375 0.6182383687499999 0.6626040093750001 0.6489457796875 0.6888636953125
6 0.7564300937499999 0.7374780234375 0.7983768453125 0.7230150828124999 0.8215043718749999 0.710413371875 0.8225677109375 0.6916413078125 0.7949048453125 0.6952707046875 0.79096515 0.672001359375 0.7836754 0.6573381515625 0.7603360859375 0.654770884375 0.7337975265625001 0.6578034749999999 0.702973525 0.6783922671875 0.6959946343750001 0.70843283125 0.699542846875 0.7588962828125 0.7564300937499999 0.7374780234375
6 0.5305582140625 0.79797055625 0.4910746640625 0.6833474859375 0.4259013109375 0.6808773421875001 0.3991465625 0.763357903125 0.36490879062500003 0.9698623468750001 0.44200074375 0.9831420812499999 0.5879573421875001 0.978045165625 0.588108509375 0.9742082359375001 0.5305582140625 0.79797055625