1 0.5 0.5 1 1
5 0.4632566296875 1 0.5380606703125 0.9733596953125 0.5116265906249999 0.8488757093749999 0.370156190625 0.8373064796874999 0.3993322625 0.9915666062499999 0.4072723625 1 0.4632566296875 1
5 0.5601293203125 0.780537915625 0.6011249624999999 0.9621349609375001 0.641430109375 0.9894458 0.6803703921875 0.96563280625 0.6942353234375 0.9046954234375001 0.6779410484375 0.809476521875 0.5601293203125 0.780537915625
5 0.01446663125 0.5324009609375 0.089633603125 0.6399758859375 0.14620349375 0.5408644984375 0.0927595546875 0.46352730312499996 0.01446663125 0.5324009609375
5 0.34486294375000004 0.676281828125 0.29876616093749997 0.6428990171875 0.248407565625 0.73843431875 0.28214083125 0.7827675484375 0.3316355671875 0.8514714140624999 0.379529140625 0.8538584734375 0.397329840625 0.826190571875 0.37058811875000003 0.7551868953125 0.3808656015625 0.7200052515625 0.34486294375000004 0.676281828125
5 0.5661901984375 0.2544681828125 0.5501149453124999 0.3198136140625 0.5766265015625 0.33938855625 0.6105960671874999 0.398914759375 0.6442234499999999 0.363179975 0.6621361640625001 0.3793443203125 0.678441584375 0.36542762500000003 0.64405849375 0.27931371875 0.6465090671875 0.2499250375 0.5661901984375 0.2544681828125
5 0.8344428796875001 0.6152887265625 0.78720526875 0.61844658125 0.7320247765625 0.6237387515624999 0.71249249375 0.6499648875 0.7376146484375 0.7633590453125 0.9191538937500001 0.787046140625 0.8813405031249999 0.6290232578125 0.8344428796875001 0.6152887265625
5 0.574911053125 0.59539536875 0.527253778125 0.6082012812500001 0.5185897296875 0.63722820625 0.5284352828125 0.684166146875 0.55356970625 0.72508878125 0.6288141578124999 0.7277546625 0.6335363046875 0.7016940203125 0.647276953125 0.6693959125 0.6774350375 0.66701335625 0.676182190625 0.6597217734374999 0.6217661875 0.565350834375 0.574911053125 0.59539536875
5 0.4835340796875 0.68328493125 0.460707915625 0.7252497671875 0.4243853421875 0.807478178125 0.4484441453125 0.8525039578125 0.4934714390625 0.8537541531249999 0.512755153125 0.884806571875 0.5686038734375 0.8125877859375 0.485729721875 0.6819583265625 0.4835340796875 0.68328493125
5 0.2783863640625 0.4237451859375 0.2728248953125 0.46910194687500006 0.2893543453125 0.54284975 0.3739126734375 0.5582693843750001 0.3615023515625 0.4929500328125 0.3291249328125 0.41578824687499993 0.2783863640625 0.4237451859375
5 0.3319834359375 1 0.2194734640625 0.9582955296875 0.22553569687500002 1 0.3319834359375 1
5 0.542982984375 0.11767475937500001 0.5921171359375 0.199824928125 0.6533969078124999 0.14712442187500002 0.63437243125 0.09117353593750001 0.542982984375 0.11767475937500001