1 0.5 0.5 1 1
5 0.31827140468750004 0.7872259374999999 0.3259833875 0.941779275 0.34921615781250004 0.97151429375 0.37573532656249997 0.9563882859374999 0.467440546875 0.92851675 0.4583234703125 0.8036949484375 0.31827140468750004 0.7872259374999999
5 0.5164192953125 0.73737851875 0.5321562703125 0.9195536000000001 0.5687096234375 0.9481469734375001 0.6110230078125001 0.925810171875 0.633401796875 0.865646153125 0.6303588421875 0.770306325 0.5164192953125 0.73737851875
5 0.004597459375 0.47130389375000004 0.0648715671875 0.581003165625 0.1353355484375 0.48434100312500006 0.0925991234375 0.405497409375 0.004597459375 0.47130389375000004
5 0.3153905734375 0.626076003125 0.273884071875 0.591236503125 0.2101384375 0.68455699375 0.23773791875 0.729862209375 0.27772321718750004 0.79997494375 0.32534985625 0.80402800625 0.3470319859375 0.777114175 0.330151571875 0.705509325 0.3453475765625 0.6708537671875 0.3153905734375 0.626076003125
5 0.59582374375 0.214005634375 0.5706171046875 0.2784794765625 0.5944363109374999 0.298890425 0.620154484375 0.359325134375 0.6588095921875 0.324936784375 0.6744935812499999 0.3416521078125 0.6927614281250001 0.32837216874999997 0.6703355421875 0.241460846875 0.6768863281249999 0.2122967859375 0.59582374375 0.214005634375
5 0.8141459640625 0.5825165015625 0.7664032171875 0.5840051359375 0.7104091453125 0.5873398437499999 0.6871940375000001 0.612758075 0.696543334375 0.7264964828125 0.875030059375 0.7564293734375 0.8591934234374999 0.5978285640625 0.8141459640625 0.5825165015625
5 0.5570306109375001 0.5536280578125 0.5075226640625 0.5647044875 0.4948002921875 0.5932908968749999 0.49811612812500006 0.6403519546875 0.5175803953125 0.6819615437500001 0.5925566328125 0.6872499640624999 0.6009181796874999 0.661477778125 0.6191801390625 0.629813421875 0.6497118046875 0.62849828125 0.6494736984375 0.6211972593749999 0.608138415625 0.52536633125 0.5570306109375001 0.5536280578125
5 0.45327605625 0.6379024203125 0.42456852968750003 0.6788696640625 0.37673321875 0.7594376656249999 0.3945483984375 0.805093353125 0.4394633 0.8079145406249999 0.45444474531249995 0.8394956328125 0.5204376765625 0.7695738078125001 0.45565964843750006 0.6366589734375 0.45327605625 0.6379024203125
5 0.284026775 0.3724040015625 0.27213483125 0.41735177968750004 0.2784064 0.49133015156250004 0.360931415625 0.5096382703125 0.3576096921875 0.4441927953125 0.3359442921875 0.36626155312500003 0.284026775 0.3724040015625
5 0.260988275 0.94935475625 0.1505154484375 0.902366515625 0.1510905609375 0.9957729953125 0.2627910359375 0.99252284375 0.26420246718749996 0.9519633078125 0.260988275 0.94935475625
5 0.5916539281250001 0.07704554062499999 0.6294037015625 0.1605284421875 0.6981142609375001 0.1102229109375 0.6868633109375 0.053870023437500004 0.5916539281250001 0.07704554062499999