1 0.4265625 0.28671875 0.853125 0.5734375
1 0.8263416315245162 0.41593532485069373 0.31203378424238615 0.4127961664125003
5 0.084886903125 0.2248748546875 0.1139772265625 0.232979021875 0.1309284046875 0.2318482 0.145048303125 0.2192855328125 0.15868998750000002 0.21886981562500002 0.1598050671875 0.2035138640625 0.1476615671875 0.1966998890625 0.136622078125 0.1854404953125 0.106430290625 0.1691608109375 0.1024250140625 0.16779219375 0.062591265625 0.15875169218750002 0.0285868890625 0.14923364687500001 0.0177053015625 0.1598991375 0.012650546874999998 0.1827082296875 0.0184637640625 0.2134877671875 0.084886903125 0.2248748546875
5 0.253389171875 0.0827697734375 0.2485487703125 0.0517452890625 0.2527023765625 0.0204359125 0.21526989218749998 0.0265059671875 0.230526828125 0.06353684375 0.23318158281249998 0.084024346875 0.253389171875 0.0827697734375
5 0.2816084671875 0.09621827499999999 0.287915490625 0.098645034375 0.2942343703125 0.089381934375 0.2953135796875 0.088390890625 0.2998649640625 0.0894019796875 0.308174034375 0.08652981093749999 0.3115798875 0.0751836640625 0.3131910140625 0.061592637500000005 0.311850021875 0.04508935 0.3035850453125 0.0130725078125 0.2521572703125 0.0214465671875 0.270918290625 0.0844074125 0.2816084671875 0.09621827499999999
5 0.583760415625 0.080878328125 0.5881435734375 0.0902624328125 0.5951661109375 0.095925115625 0.609457603125 0.1005358828125 0.6278586078124999 0.1087262859375 0.6522929890625 0.1135389765625 0.66857466875 0.12454067499999999 0.686428384375 0.1211221375 0.694111978125 0.10498260625 0.6979206125 0.090238703125 0.6955395046875 0.075555671875 0.6889588390625 0.06732444062500001 0.6798169749999999 0.0644730546875 0.6683994171875 0.061116125 0.6384244890625 0.0462519515625 0.6262914109375 0.0396590984375 0.611401678125 0.0343000359375 0.6001404890625001 0.034259946875 0.5896339125 0.038284990625 0.57976466875 0.043887539062499994 0.5694263187499999 0.039539565625 0.5648630734375 0.050218335937500004 0.5654885484375 0.063485696875 0.5774161640625 0.0678320421875 0.583760415625 0.080878328125
5 0.3576658640625 0.194288284375 0.35826788125000003 0.2070581203125 0.36571452031249996 0.214551796875 0.371856475 0.2222342765625 0.3786352984375 0.22670775468749998 0.38633569843750004 0.22286617187500002 0.3931620765625 0.217203046875 0.404842328125 0.2030454078125 0.41188044843749994 0.190728359375 0.44229731250000004 0.150482996875 0.4597657296875 0.12535801093750001 0.47069965781249995 0.11208758125 0.4784476171875 0.0981093921875 0.481783425 0.0797048390625 0.48336565 0.06311247187499999 0.4933890671875 0.0472465734375 0.48609944374999997 0.031938082812500004 0.47612767343750007 0.037754175 0.473009140625 0.0440495390625 0.4586758625 0.046513359375 0.44927660312500006 0.053328025 0.4386821203125 0.0626532828125 0.428027371875 0.076272915625 0.41398761874999995 0.1016809390625 0.3828188921875 0.14826878125 0.375282678125 0.1555930484375 0.3695730203125 0.1626529859375 0.36483413750000004 0.1680140234375 0.3602776859375 0.17724470625 0.35675605 0.18641416875 0.3576658640625 0.194288284375
5 0.10659283906250001 0.1558907265625 0.10605989687499999 0.166876784375 0.106576234375 0.172256528125 0.1182398828125 0.17446468906249998 0.1249822171875 0.1781642390625 0.1443114203125 0.19250965312499999 0.15205548124999999 0.2007394984375 0.15984156249999998 0.204288003125 0.16887760000000002 0.2064868109375 0.1929512203125 0.2100159203125 0.2218858890625 0.21634801406249998 0.231370825 0.21692344062500002 0.2376333078125 0.216017175 0.24169883906249998 0.213091209375 0.2472022890625 0.20722992499999998 0.249465040625 0.199499984375 0.24740132343750001 0.1947337703125 0.24787400312500002 0.1880420875 0.25106550781250003 0.1832945828125 0.2507188921875 0.1759422515625 0.249049346875 0.1683917640625 0.2481626140625 0.1607279921875 0.2437139796875 0.1555276984375 0.2351268453125 0.151705509375 0.2171459859375 0.14924271875 0.1875014796875 0.1445717671875 0.16149184375 0.138985196875 0.1249861140625 0.15595620625 0.1224734953125 0.1528133734375 0.1095234078125 0.151180984375 0.10659283906250001 0.1558907265625
5 0.1535436140625 0.2768866703125 0.16056512812499998 0.2809354234375 0.17004453125000002 0.2869661171875 0.1775149484375 0.289391490625 0.18892319375 0.2861821453125 0.2055136890625 0.2814436515625 0.226072965625 0.27729963281250003 0.25792549375 0.2730797515625 0.263386921875 0.271899803125 0.27244673750000004 0.269030309375 0.27761074375 0.26711419531249997 0.2821069328125 0.2621778828125 0.28269460468749996 0.2523527203125 0.2825724375 0.24418869999999998 0.2797988828125 0.241083628125 0.2754652453125 0.23274985468749998 0.2733888203125 0.222141409375 0.2708087625 0.2119954515625 0.25052866875 0.216488671875 0.237312109375 0.2203493078125 0.22075809999999998 0.225861734375 0.1977774203125 0.228797740625 0.1748149859375 0.2321207125 0.1658098984375 0.236151103125 0.1590747375 0.24374905156249999 0.15181216875 0.2568777890625 0.13850439375 0.25880360156250004 0.1381831921875 0.2631357359375 0.1385480515625 0.2708750296875 0.1393808734375 0.277838096875 0.1535436140625 0.2768866703125
5 0.10002943906249999 0.30644875312500003 0.10791944375 0.317774315625 0.11530581875000001 0.32956236250000004 0.16293835625 0.347993603125 0.1738009515625 0.349928084375 0.18159256875000002 0.3480213234375 0.1893112125 0.34456670312500004 0.1928421609375 0.3358740296875 0.1904445359375 0.329597715625 0.1930832171875 0.31869653593749997 0.1968988796875 0.3048977984375 0.192377275 0.2981496453125 0.18280665625 0.2901841265625 0.160340678125 0.281747115625 0.14115188437499998 0.2759526859375 0.1223152453125 0.2720553203125 0.10003333437499999 0.284240721875 0.09090608125 0.28010708906250004 0.087568634375 0.2817588765625 0.085251153125 0.2883279234375 0.085464534375 0.29842676562500003 0.0899734328125 0.2993326875 0.09433085 0.3025981578125 0.10002943906249999 0.30644875312500003
5 0 0.28884990781250003 0.035290659375 0.2811425015625 0.0613843375 0.27736639687500003 0.07148790000000001 0.27434585624999996 0.0847885 0.26112254375 0.08626290625000001 0.25896115468750003 0.067486528125 0.2507694171875 0.0569998640625 0.24566369687499998 0.0507246734375 0.24072773125000002 0.049370796875 0.23430037499999998 0.0488599921875 0.2234653609375 0.0486775625 0.2195957140625 0.033931865625 0.22445684687499998 0.021722568749999997 0.227392509375 0 0.23053605625 0 0.28884990781250003
5 0 0.3668114546875 0.024948699999999997 0.39055963125000004 0.0317767171875 0.40164927031250003 0.0433198359375 0.412446178125 0.0507355234375 0.41371065625 0.057113000000000004 0.40967091250000004 0.06259820625 0.40342266406249994 0.06598321093750001 0.391634271875 0.0651020125 0.37851523125000003 0.054359945312500005 0.36799200625 0.036680406250000006 0.344057353125 0.02294586875 0.3257854765625 0.012112587499999999 0.3133274296875 0.0047571640625 0.3077685765625 0 0.304749971875 0 0.3668114546875
5 0 0.45770279374999995 0.011920721875 0.45429142499999997 0.0360474296875 0.4422286640625 0.04967640625 0.435970715625 0.0609204640625 0.4292786890625 0.0692759765625 0.42261506875 0.0760166734375 0.40956185312500004 0.0829707515625 0.40660748281250003 0.088662165625 0.39916057656250004 0.0834672078125 0.39484749531249996 0.07841819375 0.39363013125 0.0735151234375 0.3955084859375 0.0671796703125 0.3948668921875 0.0661359234375 0.3950179359375 0.062289310937499995 0.40258747812499995 0.057174496875 0.4111197546875 0.042246371875 0.4121112390625 0.0278384828125 0.3962744375 0.007091242187500001 0.4020040734375 0 0.40432462812500003 0 0.45770279374999995
5 0.741293021875 0.3526626984375 0.7443092703125 0.3553430453125 0.74829629375 0.356324490625 0.7516392765625 0.34921743437499997 0.75315016875 0.3478299734375 0.76023748125 0.3421290890625 0.7654070234375 0.33475770625 0.7695201093749999 0.32169513437499997 0.7943810546875001 0.24718936406249997 0.7953446578125 0.23419296093750003 0.7945911578125 0.2237826765625 0.7865861609375 0.21559059375 0.77989855625 0.2130519359375 0.7694063546875001 0.21340148281250002 0.7630051015625 0.22250953125 0.761598134375 0.23167404687499998 0.7590506687499999 0.24451005 0.756921153125 0.24949347500000002 0.7583900234375001 0.2527873546875 0.7585121906250001 0.2609513734375 0.7555633796875 0.26527415312499997 0.7517587859375 0.2681623578125 0.7405965109375 0.3044525078125 0.7365801750000001 0.3139946328125 0.7360892531250001 0.320299353125 0.7374923250000001 0.3333428703125 0.7413953046875 0.3436869890625 0.7408994515625 0.3508316359375 0.741293021875 0.3526626984375
5 0.672138225 0.2956583109375 0.6732311671875 0.302123428125 0.6777162859375 0.30809765312500004 0.6791486703125 0.3106176 0.684774284375 0.3129203359375 0.691722828125 0.31542123125 0.7019540921874999 0.31510944531249996 0.7116032171875 0.319167553125 0.7201411578125 0.3163735796875 0.727859803125 0.3129189609375 0.7348011718749999 0.30412235625 0.73775551875 0.2943443109375 0.73797833125 0.2767798546875 0.7238750390625001 0.27297671874999996 0.7118409953125 0.2684845296875 0.70630659375 0.2681166171875 0.7011536578124999 0.2591221984375 0.6897144609375 0.256102346875 0.68464166875 0.2599532859375 0.6804064171875 0.26485183437500004 0.6762258953125 0.2709112796875 0.675704021875 0.2709868015625 0.668397790625 0.27204411093749997 0.663325 0.2758950484375 0.6622884250000001 0.28734359062500003 0.6659724921875 0.293044134375 0.672138225 0.2956583109375
5 0.8043154171875001 0.330295953125 0.807665575 0.3344863984375 0.814165215625 0.338610675 0.8224787046875001 0.336628390625 0.8277577046875001 0.331578796875 0.8447938234375 0.2917113890625 0.8509761609375 0.2779597671875 0.8564359515625 0.260027053125 0.85797615625 0.2481160234375 0.8582536984375 0.2317124609375 0.86169343125 0.22108496249999998 0.86115885 0.21531825312500003 0.8570623671875 0.21201502187500001 0.8515644531250001 0.21242103750000002 0.8454971078125 0.223039184375 0.8316746328125 0.23633801562499998 0.825589046875 0.2465691953125 0.82028626875 0.2566870921875 0.7991370640625 0.30961707031249996 0.799322665625 0.31979210468749997 0.8043154171875001 0.330295953125
5 0.788186071875 0.43429175000000003 0.795698509375 0.432035784375 0.8075556562499999 0.4272030578125 0.8209784234375 0.4221437671875 0.8352569750000001 0.41851905 0.846161590625 0.4157721921875 0.8596026 0.4110998640625 0.871259075 0.4020105265625 0.8781092296875 0.3912791 0.885900846875 0.3893723390625 0.88724755 0.3845021984375 0.8879446812499999 0.3769988234375 0.8850434249999999 0.371184996875 0.875273771875 0.3757156359375 0.86763916875 0.369807578125 0.8591432484375 0.367920215625 0.8539427578125001 0.3690624 0.8361935234375 0.37708541875 0.8236082937500001 0.3831923234375 0.8033464390624999 0.38807250781249997 0.7957975171875 0.3895545421875 0.78750226875 0.391923790625 0.780081046875 0.3961145765625 0.7775811390625 0.398813978125 0.7766960421875 0.4079029703125 0.7771941390625 0.4128957515625 0.77886368125 0.420446240625 0.779246784375 0.4285724984375 0.7815531953125 0.4329139875 0.788186071875 0.43429175000000003
5 0.3864253 0.2860420890625 0.393428571875 0.2897038796875 0.40332592656250005 0.28788199375 0.4158619625 0.2751589296875 0.4331733640625 0.25784875937499996 0.45352479375000004 0.23815063125 0.4822682203125 0.2125628125 0.49174598593749996 0.20184073906250002 0.49716375468749996 0.188589365625 0.49945028281250003 0.1757911234375 0.5031271765625001 0.17019416406250001 0.5091889859375 0.1650312890625 0.513351265625 0.15858488125 0.5127801984375 0.152044240625 0.510528515625 0.148863646875 0.5063955484375 0.14478648593750001 0.50352524375 0.14520185624999998 0.4985254265625 0.15060065312499998 0.4929307609375 0.15452711562500002 0.4830024546875 0.150119803125 0.47884017500000003 0.1565662125 0.472924309375 0.1648248078125 0.465108915625 0.1717998703125 0.45270611718750003 0.18177642031250002 0.4422083828125 0.18758123437500002 0.41217851406249995 0.21374482343749998 0.40184496718749996 0.22303232031250003 0.3923307171875 0.2329804640625 0.38328914375 0.2362369234375 0.38054654062500004 0.2393610484375 0.376530203125 0.2489031765625 0.3762399546875 0.2594645078125 0.37753356875 0.270186234375 0.3829292 0.2787559296875 0.3864253 0.2860420890625
5 0.171468040625 0.49005827343749997 0.188773909375 0.47820336875 0.195279084375 0.4768723796875 0.20411998437499998 0.46935930781249996 0.21064893750000002 0.4629600140625 0.216309403125 0.4492839125 0.219252678125 0.45041640000000005 0.22386385937500003 0.4423466109375 0.22314684843750002 0.43271025312500005 0.2192200890625 0.4274344390625 0.2125087046875 0.4299640828125 0.2013851734375 0.42806736562500003 0.1896795046875 0.43054054218750004 0.1755960921875 0.4438771359375 0.1619853609375 0.45052205 0.156372453125 0.4540615453125 0.15448563125 0.4586202453125 0.151755734375 0.4675866015625 0.15182317343750001 0.47458972812500005 0.153996346875 0.48167773125 0.1571220546875 0.4866798640625 0.160997259375 0.4912135234375 0.171468040625 0.49005827343749997
5 0.082564428125 0.537497959375 0.0880623453125 0.5370919421875 0.0982388765625 0.5356192625 0.118331009375 0.5327116609375 0.1309471890625 0.5328339546875 0.1461544921875 0.5321916734375 0.15258669687499998 0.529312825 0.16023237031249998 0.5243103453125 0.1661664796875 0.516438715625 0.1727081421875 0.515881653125 0.1742190328125 0.5144941937499999 0.1719728859375 0.50585833125 0.1679676203125 0.504489925 0.1653400109375 0.5044805703125 0.1605392234375 0.4973832140625 0.15618180625 0.49411774375000006 0.1506291609375 0.4933628671875 0.14533191875 0.49802549531249996 0.1424981015625 0.49921479687500003 0.1360476546875 0.5017066796874999 0.1323580546875 0.50146140625 0.127387546875 0.4963366359375 0.12360673124999999 0.4941565359375 0.12037874062500001 0.4981301109375 0.11865610625 0.506171496875 0.11145933593749999 0.5095505921875 0.1074723125 0.5085691484375 0.09974095937500001 0.5061815375000001 0.093726703125 0.5012078109375 0.0856249578125 0.49653617031249997 0.07610353125 0.495186815625 0.071923009375 0.5012462578125 0.0710926421875 0.511496146875 0.0716581734375 0.523492053125 0.0723204578125 0.531967515625 0.0763050546875 0.5389045625 0.082564428125 0.537497959375
5 0.49343875312499996 0.2549464515625 0.5054363109375 0.25866470937499997 0.5324968640625001 0.2753977359375 0.5400822734374999 0.2746896296875 0.598751025 0.270874734375 0.6085151421874999 0.27179936250000003 0.61774468125 0.26695728124999996 0.622914221875 0.2595859 0.62165709375 0.2496381015625 0.620764825 0.2474295953125 0.6210312953125 0.24193656875 0.624744675 0.23711353906250002 0.625981921875 0.2299216078125 0.621186671875 0.21736898437500002 0.6208892484375 0.216632815625 0.6084848125 0.2098566 0.6023738062499999 0.2084033171875 0.58822849375 0.2092815171875 0.5853764328125 0.2100838546875 0.57662675 0.21953174999999997 0.5670450609375 0.22247676875 0.5561039578125 0.2244496953125 0.537663128125 0.2345208203125 0.52606691875 0.2393157875 0.5085056484375 0.245753184375 0.4996702828125 0.2478109890625 0.49232756875000006 0.24809437031249998 0.48087474375 0.2451633421875 0.4814539046875 0.2570704234375 0.49343875312499996 0.2549464515625
5 0.330427459375 0.04290374375 0.334110228125 0.0560069625 0.3409681015625 0.062157289062499996 0.3523969828125 0.0631007421875 0.3622779375 0.059073468750000004 0.36762751875 0.0518059015625 0.3707722203125 0.04420806875 0.37398695625 0.0288080046875 0.377706621875 0.0055427765625 0.377122046875 0.0024307203124999998 0.328937615625 0.0113016234375 0.3277757328125 0.023807246875 0.330427459375 0.04290374375
5 0.387950453125 0.44621977187499995 0.39167285 0.45087582031249995 0.39701320625 0.4527003625 0.39968338281250004 0.4536126359375 0.40369787500000004 0.44588893125 0.4080468203125 0.44525958125000004 0.409704409375 0.43398090468749995 0.412779075 0.4341853015625 0.41722846249999995 0.4263986609375 0.41807707031249997 0.4165357375 0.3717387671875 0.3531126625 0.3464421125 0.3366438484375 0.3343866828125 0.3409857953125 0.334307425 0.3578801375 0.3431535125 0.387861034375 0.387950453125 0.44621977187499995
5 0.49284061250000005 0.20056658125000001 0.48665164843750003 0.20860496093749997 0.4664456171875 0.22581455 0.44797916249999997 0.2427723984375 0.4500531953125 0.2496150109375 0.4649704578125 0.240962871875 0.47111979374999996 0.24137166250000003 0.4840053828125 0.24535101718750002 0.5021097046875 0.2485751515625 0.5613650375 0.223766578125 0.5679188609375 0.22346749375 0.5846365109375 0.21585349687500002 0.588599415625 0.1977478 0.5875960515624999 0.1764647375 0.5833263640624999 0.1601997484375 0.574324421875 0.1550090375 0.560499009375 0.1589577859375 0.54813030625 0.16594243125000002 0.5329089953125 0.1681451578125 0.5171219453125 0.17692316875 0.4977861328125 0.185712940625 0.49284061250000005 0.20056658125000001
5 0.53271813125 0.11829935312499999 0.5483651140625 0.1251258015625 0.560754996875 0.127878209375 0.57706815625 0.1209720859375 0.58573564375 0.11906844531250001 0.59119761875 0.1234727546875 0.594181071875 0.12174232656249999 0.5992358249999999 0.09893323281250001 0.5889292015625001 0.0939313296875 0.579602028125 0.07255415312499999 0.5736443484375 0.066922896875 0.5581586171875 0.0542290421875 0.5228593890625 0.0392077375 0.519766271875 0.057187565625000006 0.5211040921875 0.085564978125 0.5209243906250001 0.10961660625 0.53271813125 0.11829935312499999
5 0.48144152812499996 0.432690359375 0.48939125156249996 0.43413729375 0.5023164687499999 0.42966947656250004 0.5100017718750001 0.4162198265625 0.5093936718750001 0.403321003125 0.5088621015625 0.3456065609375 0.5087073453125 0.314460578125 0.5070562515625 0.288725865625 0.5008249250000001 0.2772901375 0.499559871875 0.2690317734375 0.49578588906250004 0.2539937296875 0.48624861406250003 0.2560232421875 0.48502592031249997 0.2672389828125 0.4813762890625 0.2827019796875 0.47517810000000005 0.299832471875 0.47490718593750003 0.321949278125 0.47552347812500007 0.4186119328125 0.48144152812499996 0.432690359375
5 0.196624640625 0.4083237171875 0.22687287656250002 0.38121945 0.241142409375 0.36811565625 0.2576868546875 0.3475399 0.25200281874999997 0.3477131140625 0.2299236328125 0.343765515625 0.20759198125 0.3437504984375 0.1813582359375 0.36313106093749997 0.17566497812499998 0.3723963875 0.176090646875 0.38142556562499996 0.1784991375 0.39536253125 0.1848216734375 0.40873308125 0.196624640625 0.4083237171875
5 0.4188109125 0 0.40017373593750005 0.0179595734375 0.389860615625 0.04997105625 0.357987925 0.11692021718750001 0.35324644374999997 0.137086609375 0.35481555 0.15179438750000002 0.3633125640625 0.1648502609375 0.3829924828125 0.14576878437500002 0.40780915 0.1149051484375 0.44138178906250003 0.05615141875 0.4468714375 0.0332793890625 0.4452811546875 0.008834559375 0.4486819921875 0 0.4188109125 0
5 0.6932993765625 0.24623175000000003 0.7013614953125 0.25935055937499996 0.7129912546875 0.2459794359375 0.723833215625 0.24376111875 0.741299034375 0.23344148593749997 0.798708884375 0.16019939218749998 0.81260433125 0.148448415625 0.819702715625 0.13183699531249998 0.8185989109375 0.1177112234375 0.8125500171875 0.1101451453125 0.8073709093750001 0.10245319374999999 0.8021309953125 0.0934713625 0.794333296875 0.095249134375 0.7780717218750001 0.11253725156250001 0.7834240328125001 0.133190959375 0.7848014828125 0.1531212 0.778794946875 0.165029228125 0.7596199546875 0.176245540625 0.7177908140625 0.19918165000000002 0.7082747171875 0.2109482140625 0.701510790625 0.23465399062499998 0.6945432515625 0.2447530625 0.6932993765625 0.24623175000000003
5 0.8960874484374999 0.2758498015625 0.893216390625 0.28925210468749996 0.8959465312500001 0.3020235546875 0.9590330921874999 0.33167484375 0.9566006921874999 0.2800795484375 0.9157977734375 0.2574132640625 0.9069478578125001 0.2554472609375 0.901567871875 0.2620698875 0.8960874484374999 0.2758498015625