6 0.8574219984375 0.4427127984375 0.8298845078125 0.42673991562499997 0.7794738953125 0.5242252671875 0.7347351890625 0.5250745375 0.6397666796875 0.5497142187499999 0.593167471875 0.570493025 0.590617946875 0.6456421046874999 0.681443421875 0.68930166875 0.742651221875 0.703392003125 0.808307925 0.7296245453125 0.8596230281249999 0.6942085687499999 0.8807002859375 0.63586654375 0.874726728125 0.56829814375 0.8768526062499999 0.4743721359375 0.8574219984375 0.4427127984375
6 0.5330276359375 0.44928519375000003 0.49070074531249996 0.4721381078125 0.46734516875 0.4950868 0.46393424687499996 0.5316242859375 0.4769493296875 0.5596435953125 0.5096678421874999 0.555996925 0.5476793234375 0.5076121203125 0.5436524515625 0.4670297484375 0.5330276359375 0.44928519375000003
6 0.527256890625 0.750294825 0.4736419234375 0.738588578125 0.4496446328125 0.7564515578125001 0.41575042656249994 0.8085712640624999 0.40915248281250005 0.8314090796875 0.49001640156250004 0.8741386921875 0.5495445046875 0.834463625 0.545474540625 0.770423471875 0.527256890625 0.750294825
5 0.427787946875 0.9068605937499999 0.4065598625 0.883100375 0.35403019062499996 0.859768565625 0.2796953578125 0.842777496875 0.254591228125 0.8605371515625 0.2420586 0.9230273875 0.2454437578125 0.9585240468749999 0.3309589328125 0.9514298125 0.3818735484375 0.9561828968749999 0.4357985984375 0.9645675546874999 0.44744406718749996 0.9354998703125 0.44931892500000004 0.9049572046875 0.427787946875 0.9068605937499999
2 0.8247124671874999 0.837903290625 0.7982898828125 0.759491125 0.7481360625 0.6907765734375 0.7265505328125 0.68280496875 0.7056426265625 0.699467228125 0.6959993265625 0.728349540625 0.6968147671875 0.7515071421874999 0.729446728125 0.8059283734375 0.7573182421875 0.8316117671875001 0.8053684078125001 0.864390871875 0.834606621875 0.907326821875 0.846698115625 0.9106893015624999 0.8560945171875 0.9003980374999999 0.8588970046875 0.8811638796875 0.8247124671874999 0.837903290625
5 0.38024095 0.619252 0.36473655781250003 0.593978559375 0.24168549062500003 0.5832358125 0.211383059375 0.572961321875 0.19418470937500001 0.5817796796875 0.1851118203125 0.6151826265625 0.1789024453125 0.6391735625 0.1744636359375 0.670775428125 0.1946518625 0.6830839734375 0.22008476250000003 0.6817354156250001 0.26548958906250003 0.6896969578125 0.3403909828125 0.6899882296875 0.36362071406249996 0.67503185 0.37729708125 0.6614173171875 0.39879454999999997 0.6597013734375 0.404668965625 0.64461393125 0.4024562234375 0.6257932671875001 0.38024095 0.619252
6 0.14494848437500002 0.39197929062500003 0.130269109375 0.3950762953125 0.11581560937499999 0.4063845875 0.10946841874999999 0.43185178593750007 0.138076890625 0.4762180765625 0.14751159375 0.48677817343749996 0.16345045625000001 0.4808204921875 0.1718342703125 0.45479885624999994 0.1493165140625 0.398343575 0.14494848437500002 0.39197929062500003
6 0.6530654593749999 0.33815336406249996 0.601657978125 0.3519683671875 0.5936971875 0.37877405625 0.5939517890625 0.40262386875 0.6095155125 0.42194633593750003 0.6705165390625 0.3904128359375 0.6723770421874999 0.3704832953125 0.671689840625 0.3406365890625 0.6530654593749999 0.33815336406249996
5 0.13983384375000002 0.31401907812499996 0.11658495937499999 0.3185497765625 0.0997809015625 0.31251366875 0.0702556078125 0.304545415625 0.0577698203125 0.316037403125 0.0492596421875 0.31152012500000004 0.04154575 0.3197347671875 0.041721871875 0.3391098671875 0.050163142187499996 0.344365278125 0.0592533078125 0.3586160296875 0.0809077453125 0.36584950625 0.11125993125 0.364960184375 0.1358659390625 0.3724692 0.148213909375 0.362453475 0.15576125624999998 0.34007657343750003 0.1517875234375 0.3188578203125 0.13983384375000002 0.31401907812499996
6 0.3508603640625 0.296491059375 0.3482437546875 0.2873120203125 0.3223189265625 0.288614653125 0.3124018703125 0.2832214734375 0.297741646875 0.296744159375 0.2965108875 0.3152433578125 0.303761578125 0.3226213140625 0.3232511546875 0.3370983296875 0.33977000625 0.340874121875 0.35196100937499997 0.321908978125 0.3499111328125 0.29636232812499996 0.3508603640625 0.296491059375
6 0.2936282234375 0.3142296875 0.2758403078125 0.30810173125 0.2550606421875 0.3180748859375 0.2468739765625 0.336669290625 0.24522977343750002 0.359597275 0.2696194828125 0.36410784218750003 0.2953567375 0.37544528593750004 0.30812773125000004 0.36621361406249997 0.32271904687499997 0.353429059375 0.3275814796875 0.3389275421875 0.2936282234375 0.3142296875
6 0.1800730625 0.2708680484375 0.1398421265625 0.28721555468750004 0.11822599687499999 0.30083344218749997 0.11945487968749999 0.31956225781250003 0.1467081015625 0.3146608171875 0.1534955921875 0.33763137187500003 0.162585759375 0.351882125 0.1862672421875 0.353348321875 0.21246769843750002 0.3490931671875 0.2408138640625 0.3271687859375 0.24413100000000001 0.2969513390625 0.23441296562499997 0.24690290781250002 0.1800730625 0.2708680484375
6 0.39882999531249996 0.20014166875 0.45236611250000003 0.312356671875 0.517920859375 0.3117753953125 0.5346310296875 0.2284550796875 0.54368045 0.021375268750000002 0.45539436093749996 0.010599421874999999 0.3180126 0.007401824999999999 0.3196771578125 0.027459262499999998 0.39882999531249996 0.20014166875