1 0.4048748447689355 0.65859375 0.809749689537871 0.6828125
1 0.7732983223368068 0.7074012093565658 0.3793113934028696 0.46799851909553924
5 0 0.736531925 0.0265261515625 0.7313663015625 0.041478671875 0.7238815749999999 0.055791475 0.720865046875 0.060601610937499995 0.7061778640624999 0.0476156734375 0.7020099921875 0.0388238203125 0.686336040625 0.0229228640625 0.6805818890625 0 0.6802362203125 0 0.736531925
5 0.0414057359375 0.9019670265625 0.075149871875 0.9180190890625 0.0831456515625 0.887552509375 0.0996989625 0.859843940625 0.080707521875 0.8530719187500001 0.070298253125 0.8715197453125001 0.0414057359375 0.9019670265625
5 0.14225179062499999 0.8661933703125 0.1415916390625 0.8649664906250001 0.1390524703125 0.8545428515625 0.1320449984375 0.8550681250000001 0.11721774375 0.86316596875 0.07501190156250001 0.9169217875 0.1213590921875 0.9390077437500001 0.1415926390625 0.911318571875 0.14920914375 0.8962374078125 0.1528649359375 0.8830653828124999 0.15393104375 0.8714981953125 0.14702500937500002 0.866507346875 0.14225179062499999 0.8661933703125
5 0.46096625312499995 1 0.491308490625 0.9950730984374999 0.503596978125 0.995092446875 0.513498853125 0.9949548078125 0.522994375 0.9890704031249999 0.53091559375 0.975981709375 0.5328956484375 0.9611215156249999 0.531676584375 0.94388121875 0.5157826234375 0.9357350046875 0.4958774328125 0.9415264046875 0.47048795156249995 0.9392645921874999 0.44961789531249996 0.9418366421875 0.43407956875 0.9421952515625 0.42514256093749997 0.9455522406249999 0.4173227796875 0.9531248140624999 0.40620986718749996 0.9635832093750001 0.393050725 0.9643490031249999 0.38736375624999997 0.97659845 0.387668671875 0.9878613359375 0.39929700625 0.98665380625 0.406660115625 0.994633359375 0.41355563437500004 1 0.46096625312499995 1
5 0.2705399359375 0.9300041875 0.27717529218750003 0.9416703296875 0.28362101875 0.9506546515625001 0.29648851718749997 0.956931803125 0.2970810828125 0.963690178125 0.3044611546875 0.97189808125 0.3173519484375 0.9595833624999999 0.3137733484375 0.94195116875 0.318607153125 0.9259768890625001 0.32244564375 0.9078200687500001 0.3203362984375 0.8925856859374999 0.3148857 0.8771315171875 0.307681259375 0.8487675140625001 0.2937939375 0.80265916875 0.291732025 0.7891767890625 0.28590225468749997 0.7726851671875 0.28149449375 0.7654917390625 0.275546471875 0.7597617890625 0.267300034375 0.762072790625 0.2584375484375 0.767564903125 0.24839021093749997 0.77251884375 0.24291650312500002 0.7843089359375 0.23902231875000002 0.7914297359375 0.23890191875000003 0.8009908875 0.2397552171875 0.8108959984374999 0.2422672140625 0.8172283515625001 0.2450636140625 0.8254203453125 0.24951880625 0.834365778125 0.2617000921875 0.88662106875 0.2654921796875 0.9143003796875 0.2705399359375 0.9300041875
5 0 0.757936046875 0.0003892390625 0.75799719375 0.0040148015625 0.755750421875 0.032688496875 0.7817527328125 0.059892468750000004 0.7837262625 0.0902481578125 0.787563946875 0.10851845156249999 0.7902384859375 0.1182578125 0.7890381953125 0.12453738750000001 0.785401209375 0.128328725 0.7784709656250001 0.1328309765625 0.7718636265625001 0.13598250625 0.7650753906250001 0.13472645781249998 0.7597461171875 0.1368353359375 0.75334953125 0.1406504375 0.7494583890625 0.14143226250000002 0.7415938109375 0.1383752234375 0.7345812781250001 0.13557891718749998 0.7307154796875001 0.1298916265625 0.7281322609374999 0.12053134531250001 0.726043809375 0.0902230890625 0.7239581296875001 0.06567312812500001 0.720594384375 0.056123306250000005 0.720150303125 0.0472607265625 0.721316221875 0.036644678125 0.7268770796874999 0.01252150625 0.7349551796875 0.0046068078125000005 0.7365516328124999 0 0.7361082546875 0 0.757936046875
5 0.10207113906250001 0.707708865625 0.1230904015625 0.7168233921875 0.13692954531249998 0.72657018125 0.1481856828125 0.7338458984375 0.1660058921875 0.7436704609375 0.17238014375 0.7348850953125 0.1784463234375 0.7255271859375 0.18581588437500002 0.718924359375 0.18967841875 0.716785221875 0.192924715625 0.7091748015625 0.1961235828125 0.6998123765625001 0.1936826859375 0.6939449296875 0.1894408890625 0.6907204218749999 0.18181040625 0.6855241249999999 0.1769998984375 0.6829065328125 0.14792364375 0.6701324468750001 0.12970059375 0.6605575234375001 0.1155297109375 0.6515252874999999 0.1057664953125 0.6453602843749999 0.09763849531249999 0.6455620078125001 0.086193003125 0.6485830499999999 0.077875465625 0.65042914375 0.06459272656250001 0.6456153390625 0.061121856249999995 0.6519044203125001 0.05780445937499999 0.6590499296875 0.056453831249999996 0.6631952296875 0.0685393203125 0.66868456875 0.0705064625 0.682989134375 0.0740848734375 0.691968940625 0.081217746875 0.6982370625 0.10207113906250001 0.707708865625
5 0.06557676875 0.6478712703125 0.0862877734375 0.6477608640625 0.1111693828125 0.646083865625 0.12344422031249999 0.6412764453124999 0.1303872765625 0.6362103578125 0.1319983578125 0.622233209375 0.1336332015625 0.611295159375 0.13834875156249998 0.6060825484375 0.13827746406250002 0.5969652515625 0.13216357343750001 0.5915925734374999 0.12538620312499998 0.5876490000000001 0.1141775875 0.58645148125 0.061215318750000004 0.5905155171875001 0.04958038125 0.5995071203125 0.037637376562500005 0.6079261828125 0.030670559375 0.6099531734375 0.025220334374999997 0.6118037828125 0.020528357812500002 0.6114031046874999 0.0164527109375 0.6207999015625 0.0161684953125 0.627592653125 0.0187515015625 0.630063721875 0.029130671875000003 0.628721425 0.0459320859375 0.6463029312499999 0.06557676875 0.6478712703125
5 0 0.5491544640625 0.017214165625 0.537651034375 0.031597976562500005 0.5307732234375 0.037474523437500004 0.5187334890625 0.038730196875 0.5067579875 0.035839028125 0.49938817812499997 0.031241728125 0.4938391203125 0.0236113375 0.4929690203125 0.008350745312500001 0.499881203125 0 0.5064298734375 0 0.5491544640625
5 0 0.502264490625 0.0024961109374999997 0.5038229921874999 0.022448584375 0.49298529375 0.03645350625 0.49804861093749997 0.038112484375 0.507454440625 0.038918353125 0.5156075453125 0.039866234375 0.51603808125 0.0462170015625 0.5171921968750001 0.050221828125 0.5203090734375 0.0555536140625 0.52056774375 0.06221236249999999 0.517968209375 0.0595818328125 0.509418940625 0.05401298125 0.5047264421875 0.052519778125000006 0.490637146875 0.047021934375000005 0.48208336249999995 0.038751546875 0.47270287812499995 0.028016687499999998 0.4630682390625 0.0093906125 0.4450905703125 0 0.4390979609375 0 0.502264490625
5 0.6547218796875 0.8329207515625001 0.6514755828125 0.8405311703124999 0.6487979015625001 0.8432084796874999 0.6489401953125 0.8484644937500001 0.646476003125 0.8611889187499999 0.6443197875 0.8701596953124999 0.646997746875 0.8804609687499999 0.6569741734375001 0.8836945078125 0.6643912609375 0.8831698796874999 0.6752442796875 0.87771665625 0.6799597375 0.8681778515625 0.6840116218750001 0.8557419546875 0.688607146875 0.7790933234375 0.68964951875 0.765723090625 0.687492928125 0.757389090625 0.682848196875 0.7500880296875 0.6819239859375 0.7483703968750001 0.6814261890625 0.7407898359375 0.6772081531249999 0.7406044265625 0.6732745203125 0.7422786546875 0.67219358125 0.7438841296875001 0.669933453125 0.7507112609375 0.66220848125 0.7593157328125 0.6558579921875001 0.7711401984374999 0.653914984375 0.777179509375 0.6541284734375 0.7872266265625 0.6509775999999999 0.8242982203125001 0.653536934375 0.8280563859375001 0.6547218796875 0.8329207515625001
5 0.586569559375 0.8184047140624999 0.598749725 0.8187456750000001 0.6071619375 0.8117512 0.612635925 0.8129396921875 0.625953509375 0.81206681875 0.6410009875 0.8124122937499999 0.647517253125 0.7959043578125 0.648417515625 0.7859305015625 0.64509974375 0.7757712375 0.6389858515625 0.7703985609374999 0.6318293109375 0.76541753125 0.6209761984375 0.7665445609375 0.6112367437499999 0.7634186546875 0.6035826859375 0.7638356484375 0.59727935 0.7644335375 0.59493340625 0.7663962953125 0.58832209375 0.7707478328125 0.58479139375 0.7764986140625 0.577848246875 0.7772385093749999 0.5721137125 0.781555675 0.5687253078125 0.7925624703125 0.57213775625 0.79757335625 0.578772925 0.8005871125 0.5792468671875 0.8008023796874999 0.5809531828125001 0.8076340171874999 0.5831571109375 0.8133938281249999 0.586569559375 0.8184047140624999
5 0.7361457984374999 0.9040808421875 0.7388708171875 0.8988293437499999 0.7396288796875 0.8879256671875 0.7456475328125001 0.8724895578125 0.7487278671875 0.8609102203125 0.75033885625 0.842606878125 0.7496513328125001 0.8280182984375 0.7485129796875001 0.785970190625 0.7453611703125 0.7797798421875 0.738109859375 0.7756209984375 0.7302662625 0.7776823640625 0.7254321781249999 0.780678059375 0.716595884375 0.7891302359375 0.7125178062499999 0.7986060687500001 0.7126137890625001 0.8540244078124999 0.7138462609375 0.8649669718749999 0.715789640625 0.8762324375 0.7240127843749999 0.8925133015625001 0.7257902953125 0.9041360453125 0.7309325421875 0.9060390843749999 0.7361457984374999 0.9040808421875
5 0.739933053125 0.7228327765625 0.7466393234375001 0.7263114421875 0.7642936625 0.73649328125 0.774080640625 0.745697384375 0.7881094156249999 0.758125996875 0.7926829546875 0.7606359546875 0.8015929640625 0.7612220421875 0.81121379375 0.7578048359375 0.81889170625 0.7647531390625 0.8239153296874999 0.7601130703125001 0.8261189765625 0.7528942984375 0.82668759375 0.7479611890625 0.8199102234375 0.7440176140625 0.8174218 0.7320719703125 0.809672690625 0.7203325671874999 0.798511321875 0.7122346625 0.7890561765624999 0.706642203125 0.7766862859375 0.6992932234375 0.7656907859375 0.690838046875 0.756117109375 0.6830286734375 0.7497425796875 0.6788354546875001 0.7428231015625 0.67828825625 0.7389368984375 0.6817144890625 0.7354536296874999 0.6892172750000001 0.7309513812499999 0.6958246156250001 0.7285581 0.7003615640625 0.7259279453125 0.709117071875 0.7273024296874999 0.712337065625 0.732847609375 0.718316659375 0.739933053125 0.7228327765625
5 0.30290141875 0.7811906046875 0.3218121765625 0.8140064953125 0.32970339375 0.8223495249999999 0.33783167187499996 0.8351263843750001 0.34268970468750004 0.843822175 0.3452254640625 0.8531936281249999 0.3467659125 0.8603825421875 0.35802186406250003 0.8590058703125001 0.361908253125 0.8642320265625001 0.364657221875 0.8706720140625 0.3672638953125 0.8718559890625001 0.3728088890625 0.8691831953125 0.37619748125 0.8668287890625 0.3792542421875 0.8608627375 0.37771379375 0.8536738265625001 0.3738510734375 0.8471605765625 0.372452828125 0.8409014812500001 0.375153990625 0.8282846906250001 0.37501151093749996 0.8143762875 0.3699875125 0.8017115796875001 0.3520957375 0.769791134375 0.34003354531249996 0.7457099234375 0.329985646875 0.7247066984375 0.3227814859375 0.709321278125 0.31394248281250003 0.70487390625 0.30579081406249997 0.706362725 0.29962977031250004 0.7122166265625001 0.2911464546875 0.7187461890625 0.2857911875 0.7284270015625001 0.2820236109375 0.7383963437500001 0.2822370984375 0.7484434624999999 0.2836826828125 0.7521283671875 0.291147296875 0.7576819390625 0.2965030328125 0.769632096875 0.30290141875 0.7811906046875
5 0.16311873125 0.5001784359375 0.17157884375000002 0.516566934375 0.1819107703125 0.5221250203125 0.19335635625 0.523430175 0.19885410625 0.5276577640625 0.2046597390625 0.523805509375 0.20904345468750002 0.5149812546875 0.20769254843749999 0.506147971875 0.20442239375 0.5063930984375 0.20420881249999998 0.49201978593750006 0.2003697625 0.484219440625 0.1947297171875 0.4747358390625 0.1889713296875 0.4716877109375 0.1768382234375 0.455793978125 0.16719119375 0.451811965625 0.1617196453125 0.4549835921875 0.156790790625 0.458801475 0.1519804703125 0.464836271875 0.14923178125 0.4713748640625 0.1484262890625 0.48052653593750005 0.14849748437500002 0.48531764062500005 0.15254974062499999 0.49018651875 0.16311873125 0.5001784359375
5 0.113900053125 0.4208294453125 0.12226502343750001 0.42073535624999997 0.1264830578125 0.420920765625 0.1321230078125 0.4260781734375 0.130701371875 0.43408475781250005 0.1322891578125 0.4386994796875 0.1367678328125 0.43770542968750004 0.1435213484375 0.4342837109375 0.147170671875 0.43507603906250003 0.1524314515625 0.43919599218750005 0.1547063859375 0.44109451875000005 0.1580240640625 0.446927590625 0.163663921875 0.44775880468749996 0.16911414687499998 0.4459081953125 0.176460040625 0.440592465625 0.1789956140625 0.44131153125000006 0.18337951875 0.441139665625 0.18885332187499998 0.433675765625 0.18792910937500001 0.43195813593750004 0.181838978125 0.42962455625 0.1791373484375 0.42061037968750004 0.1736869375 0.41380860156250004 0.1685920265625 0.4093313703125 0.154184265625 0.40451769375 0.141980340625 0.40113763437500005 0.123733621875 0.39284980625 0.114491778125 0.388652075 0.1093495296875 0.386749034375 0.10385697499999999 0.3836981921875 0.0973589984375 0.389089896875 0.0934728890625 0.3968423234375 0.088330921875 0.407917865625 0.08520315625 0.41774520156249995 0.086909475 0.42457683749999997 0.096601496875 0.42595073906250003 0.10619865625 0.423820628125 0.113900053125 0.4208294453125
5 0.45547840624999997 0.8159112125 0.463582828125 0.821322778125 0.4683935234375 0.8325927578125001 0.4708343265625 0.8341340078125 0.4841283359375 0.8388744234375001 0.49057387500000005 0.8392063562500001 0.5051236484375 0.8362974640624999 0.505692359375 0.8356905453125 0.5151234625 0.8252653234375 0.5166872984374999 0.8181885609374999 0.5149573125 0.812644015625 0.5168055500000001 0.8074268921875 0.5185116812499999 0.805606140625 0.5235352093750001 0.79663988125 0.52137861875 0.7883058796875 0.514340515625 0.7812155703125 0.5045773921875 0.7793767609375 0.44950559375 0.7595540234375 0.44246758281250004 0.7567899109375 0.4099794421875 0.7649621015625 0.396993596875 0.7651204234375 0.38625883125 0.7598119796875 0.38113777031249996 0.770800578125 0.393297028125 0.77122848125 0.40026393593750004 0.7735276859375 0.40798919062500005 0.7779017968749999 0.422444475 0.7887936703125 0.43178118281250005 0.7964954125 0.44569151875 0.8110333031250001 0.45547840624999997 0.8159112125
5 0.1875662890625 0.9056850140625 0.1761917734375 0.90340270625 0.1672265671875 0.907261903125 0.158656465625 0.9185108156249999 0.1487831671875 0.9356570328125 0.145110421875 0.9476883171875 0.1881419 0.9693411093750001 0.18989778906250002 0.9665891015625 0.1952290765625 0.9437747375000001 0.19803286874999998 0.9284646625 0.19791421250000002 0.9204794890624999 0.19554435312500001 0.912192825 0.1875662890625 0.9056850140625
5 0.384915184375 0.5742905125 0.3876400796875 0.5632707531250001 0.38369057500000003 0.5614768515625 0.382782015625 0.5531328984375 0.3798594125 0.5532474765625001 0.37401420625 0.5534766296875 0.3686430015625 0.55680518125 0.30311231250000004 0.599040171875 0.28309900625 0.624662053125 0.2767012109375 0.6405027734375001 0.28665402812499996 0.6479075359375 0.317341209375 0.6394941515625 0.3862979015625 0.5929441859375 0.3892597984375 0.583474128125 0.3879562890625 0.5749507828125 0.384915184375 0.5742905125
5 0.466771853125 0.8450361781250001 0.46989154375000003 0.8269854859375 0.45670006875 0.8152255953124999 0.450499359375 0.8131302015624999 0.40290742343749997 0.773487871875 0.3842263984375 0.771492009375 0.370284784375 0.771648825 0.3642025734375 0.7703282812500001 0.3531438 0.75809503125 0.3485230515625 0.763927521875 0.35981898125 0.78492079375 0.3726947125 0.806631625 0.3755780234375 0.8158725296875 0.3746514296875 0.831150378125 0.3899152125 0.8447363984375 0.4017638875 0.857328428125 0.4155871578125 0.8636070828125 0.42482912500000003 0.8735730734375 0.436638196875 0.8810999374999999 0.4473017078125 0.8787331500000001 0.45764900781250006 0.86468633125 0.466771853125 0.8450361781250001
5 0.4391539390625 0.9405059187499999 0.44302392656249995 0.9177488421875 0.44081217187500005 0.9153021921875 0.4338611640625 0.9179131843749999 0.426238603125 0.913729921875 0.41316562812499996 0.9027448796875 0.40017186406249994 0.9018901703125 0.38247829375000003 0.9039479390625 0.3677863796875 0.90881114375 0.3587425890625 0.931381303125 0.3465787953125 0.957581509375 0.3426692046875 0.9752734203125 0.382440246875 0.9709860109375 0.4022269140625 0.9633897156250001 0.4101257703125 0.9597671968749999 0.42730557812500003 0.9423345375000001 0.4391539390625 0.9405059187499999
5 0.41267342031250004 0.7462451484375 0.4230603265625 0.73726349375 0.43451327187500005 0.7136245156250001 0.4465980125 0.6845043015625001 0.46922729687500003 0.63061148125 0.47475629374999995 0.618702296875 0.4725047796875 0.60398015625 0.4617620609375 0.5962166140625 0.4535471515625 0.5953694281249999 0.44244939531250005 0.6069123078125 0.40481292343749997 0.69725024375 0.39659848124999997 0.7180340281250001 0.39600644375 0.7357907515625 0.39359760312500003 0.751280215625 0.3904777578125 0.7621205828125001 0.3988902203125 0.766662625 0.408289671875 0.7536273375 0.41267342031250004 0.7462451484375
5 0.205304209375 0.6131207765625 0.19724678281250002 0.5892723078125 0.188518109375 0.5730502359375 0.169757409375 0.5392930687499999 0.15854084375 0.5356404515625 0.147324590625 0.5464084812500001 0.1396628921875 0.5587910234375 0.1357925921875 0.567127453125 0.137728053125 0.5773798859375 0.15558019218750002 0.6027930984375 0.177104925 0.6089647031250001 0.1998934015625 0.6113841625 0.205304209375 0.6131207765625
5 0.2560654234375 1 0.25627466718749997 0.9822244250000001 0.2671747109375 0.9597763640625001 0.2706497484375 0.9368398984375 0.2608141859375 0.872527396875 0.24872804375 0.8367546953125 0.23707661249999998 0.8134368765625 0.223885603125 0.8233079546875001 0.2167373546875 0.8366447375 0.21357821718749997 0.8568405859375 0.21863508125000003 0.9283558875000001 0.216305603125 0.96118600625 0.22999642968749998 0.988351821875 0.2556413890625 1 0.2560654234375 1
5 0.6347935234375 1 0.641063646875 0.9948615937499999 0.649001953125 0.989093915625 0.6577301578125 0.9836850187499999 0.6642070046875 0.9707643062500001 0.6637326906250001 0.9532442609375 0.6548460687500001 0.9383924953125 0.6275929203125 0.8539113359374999 0.6147173453125 0.839410828125 0.6051200296875 0.8343306140625 0.599037509375 0.8185894218750001 0.5862414515625 0.8286398921875 0.5868734046874999 0.8303689796875 0.5897172687500001 0.8417550421875 0.5871506328125 0.865825140625 0.5918113 0.8794784625000001 0.6233287625 0.9125406406250001 0.637507690625 0.92835416875 0.6387323015625 0.9411678312499999 0.6297674062499999 0.959447675 0.6166950546875001 0.977303925 0.6257397828125 0.9979957078125 0.6293205687500001 1 0.6347935234375 1
5 0.7930002296875001 0.871498578125 0.7956465390624999 0.8791897828125 0.8049278 0.8798002890625 0.8529319187500001 0.869879090625 0.8750479078125 0.8222423546875 0.8028943109375 0.8325314921875 0.7953693125 0.8437336249999999 0.79299991875 0.8570779312499999 0.7930002296875001 0.871498578125