5 0.49545424765421153 0.13132807213960956 0.303408495308423 0.20653601092002355
3 0.7176841627570192 0.21005820532962724 0.18822053788306992 0.2033476248550679
3 0.9385758169640634 0.48832595291373126 0.12284836607187302 0.2834816639447428
3 0.15402512638655852 0.4141736834895801 0.21693539976756893 0.25851335697722055
3 0.5131472981977556 0.8895243053851212 0.247748357192922 0.22095138922975757
2 0.7531656468407026 0.9610003703131401 0.30852233020561537 0.0779992593737198
2 0.11369968321116342 0.6928569218206505 0.15485029903093475 0.348213843641301
5 0.8918614850429136 0.8217302538776108 0.21627702991417275 0.3565394922447783
5 0.4939617115358524 0.4543511128962742 0.3163126868943342 0.23555383122346535
6 0.2314677933309516 0.2441638145535659 0.3015946230323638 0.22503091940475448
6 0.6852972696978397 0.3689869241158602 0.16939412822814398 0.17850712152108805
2 0.8991912528499917 0.2762087191245888 0.20161749430001671 0.20146613152302778
3 0.25122900025210154 0.09352595682743932 0.19620800050420312 0.1620529451585097
6 0.30560831378509584 0.7823173898579775 0.30062198491686287 0.2777732821318509
6 0.7315494734375 0.5379433687499999 0.8064946656249999 0.56292848125 0.9231334515625 0.387131771875 0.8394945609375 0.3072795078125 0.7290047546875 0.4738093265625 0.7315494734375 0.5379433687499999