5 0.2770808730256539 0.1458653956185733 0.2999086020792368 0.1926949315119506
3 0.5052776506200555 0.11022472697223942 0.17935930373891082 0.18606919530200422
3 0.84488275704897 0.226590490695786 0.2045028589277141 0.27098976458147633
3 0.09120072737997582 0.6005348605831259 0.18240145475995165 0.23978522868809904
3 0.5733868493567226 0.8646431055020539 0.23568108133331228 0.22980247492717537
2 0.8114079902285157 0.85434341765539 0.26541520290907383 0.19013222116625172
2 0.12958930516558137 0.8588270822115959 0.16385454813983338 0.2823458355768082
5 0.8776295991562298 0.5900596088007592 0.18625161162700649 0.3593248388755136
5 0.39528088567370123 0.456229897267926 0.31131969875988885 0.1992631802583094
6 0.11802518173894214 0.4029922708496825 0.23605036347788427 0.190359541699365
6 0.5335299373380196 0.2746880437444291 0.1620767153566284 0.1637395542357774
2 0.7356997790442941 0.0762147544858395 0.3004754419114118 0.11787678793844136
3 0.0677426844382345 0.22789533095795464 0.135485368876469 0.1964156619159093
6 0.3458063010163965 0.8611530779884538 0.2898716738647796 0.24541075455234668
6 0.634521303125 0.40672355624999995 0.7095557921875 0.3897704078125 0.7497258140625 0.16456190625 0.6474425203124999 0.135351484375 0.6093904640625001 0.34868814062500003 0.634521303125 0.40672355624999995