0 0.42479140579671243 0.3333170890954856 0.20968523270518485 0.21119364718563743
0 0.5497312001418047 0.4820569679358587 0.3878484803961106 0.29307922596954084
0 0.550563093873981 0.3227652679217413 0.17040811922731436 0.18869702090551305
4 0.6056454668244893 0.787915770905513 0.4949363934028696 0.4241684581889739
3 0.18308979575921197 0.5291022130271227 0.1960725005656479 0.1622101156156063
3 0.2655810840720362 0.44141176820408995 0.16546634099925886 0.22105449459715382
3 0.17258506536310136 0.2580007577513334 0.1462679901980553 0.143763952503779
1 0.8724483643263421 0.7448648649803218 0.2551032713473159 0.4173820049793232
2 0.2103616525926836 0.8340410710325699 0.21987902186648078 0.33191785793486017
2 0.26125020933161874 0.8458809183734992 0.20247690838861052 0.3082381632530016
2 0.35215746479823895 0.932659852532014 0.13628739745537005 0.134680294935972
5 0.7805431197929623 0.3750235308641594 0.20964415089574012 0.38840859456891896
5 0.8348888672010641 0.3743024650226741 0.20767154778546235 0.38363008930724707
3 0.09648047808703639 0.3476177236210536 0.15113043892574035 0.21711044724210718