0 0.5470964007589341 0.7178572040348932 0.1987107085166878 0.19954652380771343
0 0.5561809461965791 0.5382651528052292 0.37338705634924096 0.26929646330647133
0 0.6605248893902276 0.6646236406067849 0.16044670456235507 0.18057835518980242
4 0.3879933844101307 0.24438736689726745 0.4712064269192072 0.44638620413308916
3 0.21207014334456029 0.6807601623713949 0.18729836463846716 0.14949198165323557
3 0.33981048277415654 0.710402731456844 0.15234504448624292 0.21177381303532491
3 0.3804540233060667 0.9027811289975158 0.13835152866891196 0.13671018052176756
1 0.7361178666156335 0.16205769769018147 0.40973573323126705 0.31793395120622286
2 0.06172399756572311 0.3838619155928487 0.10905925399151375 0.4145988311856974
2 0.0711653231551549 0.3472067981064061 0.13023391703337545 0.3975385962128121
2 0.06661313292725593 0.23548804810640603 0.12316688045579798 0.22410109621281205
5 0.8228763562726911 0.5085741493873837 0.185783580075237 0.38067834913967824
5 0.8710446008354837 0.4830792456983917 0.18403007908665395 0.3759817587805987
3 0.24955685037837325 0.8723391291939077 0.15696887749004845 0.21023858411256374