1 0.5 0.5 1 1
6 0.46452045657675656 0.220862766297336 0.4022090868464868 0.441725532594672
6 0.5688675465281247 0.41645378180324916 0.335496775845451 0.5028428213245361
6 0.11766472725492097 0.5681696753102515 0.23532945450984194 0.319910649379497
6 0.16293653184581616 0.27066653800494833 0.24667390860088992 0.2708821159934022
6 0.7539339052956302 0.39624526722177283 0.256999286598818 0.3585639724198929
6 0.7804898273404834 0.7808870401830265 0.25815937220695984 0.31646740063313833
6 0.8891886627392284 0.2729404963720903 0.19249583085063088 0.28022837226160835
6 0.6424849447899323 0.1591891995916533 0.2589170434232436 0.2322287929530063
6 0.7603787661300505 0.19086744543501818 0.1898716368892682 0.1568818004748537
6 0.5738555140625 0.7853151890625 0.4465326703125 0.651882528125 0.3319737859375 0.6677089765625001 0.27338555625 0.9906900765625 0.3351447109375 0.98889306875 0.4934924328125 0.9119817765624999 0.5738555140625 0.7853151890625
6 0.44833090000000003 0.615032153125 0.4342941390625 0.396373634375 0.26900219999999997 0.26585938593749997 0.1260004484375 0.41352484843750004 0.330357453125 0.6505779031250001 0.44833090000000003 0.615032153125
6 0.5384218890625 0.9548797 0.60365175625 0.9473669015624999 0.666300559375 0.8985207484375 0.7192614984375 0.7190408859375 0.612996571875 0.682999421875 0.5196521703125 0.8118538125000001 0.4944836828125 0.910206553125 0.5384218890625 0.9548797