1 0.49974324272731546 0.5006518991110112 0.9915151776129791 0.8713297715501831
6 0.8149925022750851 0.3550195032132937 0.20402741701630234 0.1719381281890479
6 0.5131815485408188 0.32330814911101113 0.19889147635429047 0.24760780788560605
6 0.661885277370687 0.6742482510872618 0.15341211037760658 0.1802291181871082
6 0.558606912018703 0.6367326624469307 0.1620300937808672 0.2119893012176462
6 0.43678037882522397 0.5639014560785333 0.1683267153566284 0.1721295757634536
6 0.2154507531002777 0.4970973669791602 0.23037827469461664 0.2532837230382968
6 0.3492248697016616 0.3500146860746539 0.19602658548249732 0.2302927621279715
6 0.6737890070489699 0.2578101791168301 0.137100026144509 0.14939370636839736
6 0.5454407093333438 0.15693372108144277 0.10073555103961844 0.0998402454580721
6 0.9156893966713632 0.4473501376112594 0.12358290041956295 0.19642820303441755
0 0.6178905140979398 0.45605648941833216 0.20871491701630235 0.17232076546195146
0 0.7514882171874999 0.7951222296875 0.7093385140625 0.727382096875 0.6553975046875 0.7620601546875 0.611287528125 0.8388835796875 0.657934759375 0.9033135937500001 0.7514882171874999 0.7951222296875
6 0.3295571068298997 0.7029323919840094 0.09806083693238979 0.12602010818516848
6 0.24599497115619853 0.2496164601614192 0.15329371120744356 0.17866661818710822