1 0.40186783197764137 0.4180171843323965 0.7984445973989169 0.542090631335207
6 0.6716678632272295 0.47660989257070224 0.14143529788867965 0.136746541958086
6 0.5053161603051303 0.4807030158126816 0.11204780681713337 0.1537613251355733
6 0.38973997889338635 0.3946478620254936 0.10725121266133195 0.14748405405833437
6 0.1293712690714282 0.47351424717132956 0.04316934740221221 0.056495439695149585
4 0.1736121927725343 0.5013847171171003 0.08403980925276526 0.07079428903121965
6 0.07867401947846528 0.299572753123258 0.07770798863591429 0.0660704275949013
6 0.644178062902918 0.42363942867505583 0.1508921185055307 0.14148858411256365
6 0.35148027394269216 0.3065802354638647 0.10023755357072242 0.10369769262201593
6 0.29178194561520343 0.24363987392935033 0.09527731818121907 0.0880454215447771
5 0.3063565089251584 0.4967057865953328 0.10736821509696393 0.06468064441741408
6 0.36365081168510194 0.46668194330938706 0.042787517856907445 0.03462043969514959