1 0.50703125 0.5 0.9859375 1
6 0.51484375 0.78515625 0.32421875 0.42734375
6 0.59765625 0.553125 0.25 0.4640625
6 0.11484375 0.48046875 0.2296875 0.2828125
6 0.21015625 0.7671875 0.203125 0.2375
6 0.78203125 0.5421875 0.196875 0.3265625
6 0.77265625 0.15390625 0.20703125 0.28359375
6 0.92734375 0.64296875 0.1453125 0.2578125
6 0.69375 0.79765625 0.22265625 0.1953125
6 0.8078125 0.74609375 0.165625 0.13046875
6 0.4768287390625 0.071456221875 0.2437054921875 0 0.340080465625 0.3424354375 0.45468854218750004 0.3389613453125 0.567994253125 0.184364228125 0.4768287390625 0.071456221875
6 0.45989800000000003 0.3754393171875 0.340080465625 0.3598059 0.160354165625 0.6307851171875 0.315335540625 0.7541154015625 0.466409821875 0.5960441921874999 0.45989800000000003 0.3754393171875
6 0.648740853125 0.055822804687500005 0.5823202625 0.0176077875 0.5172020374999999 0.0210818796875 0.4779730640625 0.073061334375 0.5119925796875 0.16699376562499998 0.616181740625 0.279901771875 0.7177661703125 0.2260533390625 0.648740853125 0.055822804687500005