1 0.5 0.5 1 1
6 0.4970212998225147 0.2061389454483738 0.36845740035497054 0.4122778908967476
6 0.39089031779386413 0.4066818530150208 0.2980010566155727 0.5026457363742164
6 0.8598362360353657 0.47434926133057387 0.2526091671451936 0.318207092433353
6 0.7989458983712359 0.18796509330294522 0.2275347560752678 0.2694189060688349
6 0.20656988149619498 0.42016975241589594 0.23059032340579577 0.35691890606883486
6 0.17504205146697727 0.8099177786286932 0.23692960344286265 0.31536913485700746
6 0.07903892545548694 0.32052005196655237 0.15807785091097387 0.28045225879399177
6 0.320714260166801 0.16312291377556484 0.24330359981466554 0.23019690940281484
6 0.20202625835270246 0.215657595598155 0.17996529691210789 0.1564726248550679
6 0.5107869359375 0.6202197484374999 0.38186359062499997 0.776643303125 0.46077566093750005 0.8888549250000001 0.6425628890625 0.94469749375 0.6824153374999999 0.9414443671875 0.6252000171875001 0.6153964046875 0.5107869359375 0.6202197484374999
6 0.62701683125 0.5979693453125 0.8342098296874999 0.32400909843750003 0.692882890625 0.202086225 0.526011615625 0.3624361015625 0.5094181703125 0.5836837359375 0.62701683125 0.5979693453125
6 0.2371817015625 0.7365667921875 0.288065953125 0.9065461750000001 0.35016595625 0.9441103140625 0.41533029531250004 0.939864715625 0.45980479374999994 0.8872579421875001 0.435775615625 0.7934166 0.343903346875 0.681357015625 0.2371817015625 0.7365667921875