1 0.5903076828613603 0.4120078554309168 0.7744885275899229 0.4372742806340389
6 0.3183687810445891 0.39695590877459497 0.12649834030732113 0.12362843182259012
6 0.4689270193756595 0.44442135588995874 0.09129416394474284 0.14869233363936124
6 0.609089504831792 0.3910736020969369 0.08765898091420468 0.14218724212409217
6 0.8162010189166174 0.5348084002704674 0.03545901000193972 0.05411341515269079
4 0.7637456986131758 0.5499549102724071 0.07946410151720862 0.06080969636645772
6 0.9298803658918985 0.3780804260242226 0.06983401000193971 0.05691942182065048
6 0.365434970743087 0.352759627560828 0.13756338606495558 0.1260837521260319
6 0.6797365868041634 0.31468670315510366 0.08852010818516849 0.09569487939699588
6 0.7594877307450266 0.2693744610310115 0.08711710485118865 0.07850737939699579
5 0.6442621170998464 0.5115935251255354 0.10500623545613248 0.050477974246244804
6 0.6044022627076997 0.4675085563393024 0.039668277879787085 0.02962359818322895