6 0.15946918502986124 0.17730408838192016 0.2220633700597225 0.3512252272193272
6 0.20714557845659748 0.28044893574951496 0.24550217648048642 0.41917661905195913
6 0.32945307028847226 0.1020560956383143 0.19328114057694457 0.18785220798203356
6 0.38868521276527795 0.23214538892222508 0.22006315254479186 0.26528772721932725
6 0.49340777393569457 0.17023072068072329 0.1887027433504862 0.19237601687504097
6 0.5680830784565974 0.2930531509879427 0.24197452013597243 0.26761411905195925
6 0.6505481267092362 0.18040187276497432 0.16094011284152784 0.13988593393541643
6 0.7565831872140627 0.3425695452676454 0.24350195896555568 0.33323911905195924
6 0.6777873464083684 0.4116345145976063 0.2560733877271531 0.26966769237293686
6 0.4607816843642712 0.4118626599736174 0.24535409327423635 0.278660746456621
6 0.24143292553055593 0.4455754279449667 0.314615852392292 0.4372024219545169
6 0.3433812045002436 0.6669271274894797 0.35397190596326433 0.5853323871081265
6 0.6128215355222922 0.6724331161415524 0.3740662004161811 0.5766667152384276
6 0.8414007507593058 0.6673091396400153 0.3171984984813886 0.5500298041685021
1 0.5 0.5 1 1