1 0.52109375 0.46121677476006157 0.9578125 0.9104686793765584
6 0.88046875 0.3658813608014834 0.20625 0.18016260714144483
6 0.590625 0.2857843522767715 0.2046875 0.25357283360249455
6 0.67109375 0.6546922650208289 0.1578125 0.18400462743398444
6 0.57734375 0.6008599273578493 0.16875 0.21700804220663664
6 0.47109375 0.5097457780064725 0.171875 0.1780000892845374
6 0.26640625 0.408631111608967 0.2359375 0.26193080438150135
6 0.425 0.28555034740550755 0.2015625 0.23633078652459388
6 0.76015625 0.24766892330065957 0.140625 0.15401711850553054
6 0.653125 0.12766216071875788 0.1015625 0.10333528003177209
6 0.9484375 0.4725074618571436 0.103125 0.19867505357072252
0 0.66796875 0.43365306209872967 0.2109375 0.18024442775829588
0 0.736957721875 0.7879845796875 0.7081064890625 0.714599015625 0.6487935984375001 0.7399526203125 0.5913496390625 0.8083125453125 0.625223546875 0.8791726953125 0.736957721875 0.7879845796875
6 0.33984375 0.6292242552783011 0.1015625 0.12989778003177221
6 0.34140625 0.1706032317393507 0.1578125 0.18244212743398433