6 0.1233305856343847 0.18883884263643716 0.1908388287312306 0.3756772645814764
6 0.17678109375205955 0.30607781842154236 0.21166952597128702 0.4059557979675713
6 0.2911414228903272 0.11321201999175272 0.17958986282348768 0.17857494404836297
6 0.3553657897743 0.24014424452321664 0.2011569456152033 0.2510409774344578
6 0.4566612828744412 0.16883519734706826 0.17646486282348767 0.1784840158351176
6 0.5367152013005415 0.28450331294475906 0.22300467207625302 0.2501149749271754
6 0.6138561741081432 0.16402934006264772 0.152154609577077 0.12780205423577734
6 0.7268765511383858 0.3166124339527261 0.21795470779006793 0.3186831185006846
6 0.6520617374213936 0.39338187094146015 0.2370944456152035 0.2520866518867795
6 0.4359730872592378 0.4136703242275301 0.2247853603878557 0.2626604390337981
6 0.2185168060096497 0.4675297954602888 0.28214566720498907 0.41737668276559176
6 0.3305007885597793 0.6794878893503672 0.3066116534052714 0.5664506802583095
6 0.5997280754914103 0.6599639656894684 0.32826846509366875 0.554587177751027
6 0.8307695698093674 0.6338574214163137 0.2810389090873141 0.5329107545523465
1 0.5 0.5 1 1